   0.0000000000000000        1.0000000000000000     
   1.0000000000000000        1.0600000000000001     
   2.0600000000000001        1.1236000000000002     
   3.1836000000000002        1.1910160000000003     
   4.3746160000000005        1.2624769600000003     
   5.6370929600000004        1.3382255776000005     
   6.9753185376000006        1.4185191122560006     
   8.3938376498560014        1.5036302589913606     
   9.8974679088473625        1.5938480745308423     
   11.491315983378204        1.6894789590026928     
   13.180794942380897        1.7908476965428546     
   14.971642638923752        1.8982985583354259     
   16.869941197259177        2.0121964718355514     
   18.882137669094728        2.1329282601456847     
   21.015065929240414        2.2609039557544257     
   23.275969884994840        2.3965581930996915     
   25.672528078094530        2.5403516846856733     
   28.212879762780204        2.6927727857668140     
   30.905652548547017        2.8543391529128228     
   33.759991701459839        3.0255995020875925     
   36.785591203547433        3.2071354722128484     
   39.992726675760281        3.3995636005456196     
   43.392290276305900        3.6035374165783569     
   46.995827692884255        3.8197496615730584     
   50.815577354457311        4.0489346412674418     
   54.864511995724754        4.2918707197434882     
   59.156382715468240        4.5493829629280977     
   63.705765678396340        4.8223459407037836     
   68.528111619100116        5.1116866971460109     
   73.639798316246129        5.4183878989747720     
   79.058186215220900        5.7434911729132585     
   84.801677388134152        6.0881006432880547     
   90.889778031422210        6.4533866818853385     
   97.343164713307544        6.8405898827984588     
   104.18375459610600        7.2510252757663665     
   111.43477987187237        7.6860867923123486     
   119.12086666418472        8.1472519998510897     
   127.26811866403581        8.6360871198421556     
   135.90420578387796        9.1542523470326849     
   145.05845813091065        9.7035074878546457     
   154.76196561876529        10.285717937125925     
   165.04768355589121        10.902861013353482     
   175.95054456924470        11.557032674154691     
   187.50757724339940        12.250454634603972     
   199.75803187800338        12.985481912680211     
   212.74351379068358        13.764610827441023     
   226.50812461812461        14.590487477087486     
   241.09861209521210        15.465916725712736     
   256.56452882092486        16.393871729255501     
   272.95840055018039        17.377504033010833     
   290.33590458319122        18.420154274991486     
   308.75605885818271        19.525363531490974     
   328.28142238967371        20.696885343380433     
   348.97830773305412        21.938698463983261     
   370.91700619703738        23.255020371822258     
   394.17202656885962        24.650321594131594     
   418.82234816299120        26.129340889779492     
   444.95168905277069        27.697101343166263     
   472.64879039593694        29.358927423756242     
   502.00771781969320        31.120463069181618     
   533.12818088887479        32.987690853332516     
   566.11587174220733        34.966952304532469     
   601.08282404673980        37.064969442804419     
   638.14779348954426        39.288867609372687     
   677.43666109891694        41.646199665935050     
   719.08286076485194        44.144971645891154     
   763.22783241074308        46.793669944644627     
   810.02150235538772        49.601290141323304     
   859.62279249671099        52.577367549802702     
   912.20016004651370        55.732009602790868     
   967.93216964930457        59.075930178958323     
   1027.0080998282629        62.620485989695823     
   1089.6285858179588        66.377715149077574     
   1156.0063009670364        70.360378058022235     
   1226.3666790250586        74.582000741503578     
   1300.9486797665622        79.056920785993796     
   1380.0056005525560        83.800336033153428     
   1463.8059365857093        88.828356195142632     
   1552.6342927808519        94.158057566851198     
   1646.7923503477032        99.807541020862274     
   1746.5998913685655        105.79599348211401     
   1852.3958848506795        112.14375309104086     
   1964.5396379417205        118.87237827650333     
   2083.4120162182239        126.00472097309353     
   2209.4167371913172        133.56500423147915     
   2342.9817414227964        141.57890448536790     
   2484.5606459081641        150.07363875448999     
   2634.6342846626540        159.07805707975939     
   2793.7123417424132        168.62274050454496     
   2962.3350822469583        178.74010493481768     
   3141.0751871817761        189.46451123090674     
   3330.5396984126828        200.83238190476115     
   3531.3720803174438        212.88232481904683     
   3744.2544051364907        225.65526430818966     
   3969.9096694446803        239.19458016668105     
   4209.1042496113614        253.54625497668192     
   4462.6505045880431        268.75903027528284     
   4731.4095348633255        284.88457209179984     
   5016.2941069551252        301.97764641730782     
   5318.2717533724335        320.09630520234629     
   5638.3680585747798        339.30208351448709     
   5977.6701420892668        359.66020852535632     
   6337.3303506146231        381.23982103687774     
   6718.5701716515005        404.11421029909042     
   7122.6843819505912        428.36106291703584     
   7551.0454448676273        454.06272669205799     
   8005.1081715596856        481.30649029358148     
   8486.4146618532668        510.18487971119640     
   8996.5995415644629        540.79597249386825     
   9537.3955140583312        573.24373084350032     
   10110.639244901831        607.63835469411038     
   10718.277599595942        644.09665597575702     
   11362.374255571698        682.74245533430246     
   12045.116710906001        723.70700265436062     
   12768.823713560361        767.12942281362234     
   13535.953136373984        813.15718818243977     
   14349.110324556425        861.94661947338625     
   15211.056944029811        913.66341664178947     
   16124.720360671601        968.48322164029685     
   17093.203582311897        1000.0000000000000     
   18093.203582311897        1000.0000000000000     
   19093.203582311897        1000.0000000000000     
   20093.203582311897        1000.0000000000000     
   21093.203582311897        1000.0000000000000     
   22093.203582311897        1000.0000000000000     
   23093.203582311897        1000.0000000000000     
   24093.203582311897        1000.0000000000000     
   25093.203582311897        1000.0000000000000     
   26093.203582311897        1000.0000000000000     
   27093.203582311897        1000.0000000000000     
   28093.203582311897        1000.0000000000000     
   29093.203582311897        1000.0000000000000     
   30093.203582311897        1000.0000000000000     
   31093.203582311897        1000.0000000000000     
   32093.203582311897        1000.0000000000000     
   33093.203582311893        1000.0000000000000     
   34093.203582311893        1000.0000000000000     
   35093.203582311893        1000.0000000000000     
   36093.203582311893        1000.0000000000000     
   37093.203582311893        1000.0000000000000     
   38093.203582311893        1000.0000000000000     
   39093.203582311893        1000.0000000000000     
   40093.203582311893        1000.0000000000000     
   41093.203582311893        1000.0000000000000     
   42093.203582311893        1000.0000000000000     
   43093.203582311893        1000.0000000000000     
   44093.203582311893        1000.0000000000000     
   45093.203582311893        1000.0000000000000     
   46093.203582311893        1000.0000000000000     
   47093.203582311893        1000.0000000000000     
   48093.203582311893        1000.0000000000000     
   49093.203582311893        1000.0000000000000     
   50093.203582311893        1000.0000000000000     
   51093.203582311893        1000.0000000000000     
   52093.203582311893        1000.0000000000000     
   53093.203582311893        1000.0000000000000     
   54093.203582311893        1000.0000000000000     
   55093.203582311893        1000.0000000000000     
   56093.203582311893        1000.0000000000000     
   57093.203582311893        1000.0000000000000     
   58093.203582311893        1000.0000000000000     
   59093.203582311893        1000.0000000000000     
   60093.203582311893        1000.0000000000000     
   61093.203582311893        1000.0000000000000     
   62093.203582311893        1000.0000000000000     
   63093.203582311893        1000.0000000000000     
   64093.203582311893        1000.0000000000000     
   65093.203582311893        1000.0000000000000     
   66093.203582311893        1000.0000000000000     
   67093.203582311893        1000.0000000000000     
   68093.203582311893        1000.0000000000000     
   69093.203582311893        1000.0000000000000     
   70093.203582311893        1000.0000000000000     
   71093.203582311893        1000.0000000000000     
   72093.203582311893        1000.0000000000000     
   73093.203582311893        1000.0000000000000     
   74093.203582311893        1000.0000000000000     
   75093.203582311893        1000.0000000000000     
   76093.203582311893        1000.0000000000000     
   77093.203582311893        1000.0000000000000     
   78093.203582311893        1000.0000000000000     
   79093.203582311893        1000.0000000000000     
   80093.203582311893        1000.0000000000000     
   81093.203582311893        1000.0000000000000     
   82093.203582311893        1000.0000000000000     
   83093.203582311893        1000.0000000000000     
   84093.203582311893        1000.0000000000000     
   85093.203582311893        1000.0000000000000     
   86093.203582311893        1000.0000000000000     
   87093.203582311893        1000.0000000000000     
   88093.203582311893        1000.0000000000000     
   89093.203582311893        1000.0000000000000     
   90093.203582311893        1000.0000000000000     
   91093.203582311893        1000.0000000000000     
   92093.203582311893        1000.0000000000000     
   93093.203582311893        1000.0000000000000     
   94093.203582311893        1000.0000000000000     
   95093.203582311893        1000.0000000000000     
   96093.203582311893        1000.0000000000000     
   97093.203582311893        1000.0000000000000     
   98093.203582311893        1000.0000000000000     
   99093.203582311893        1000.0000000000000     
   100093.20358231189        1000.0000000000000     
   101093.20358231189        1000.0000000000000     
   102093.20358231189        1000.0000000000000     
   103093.20358231189        1000.0000000000000     
   104093.20358231189        1000.0000000000000     
   105093.20358231189        1000.0000000000000     
   106093.20358231189        1000.0000000000000     
   107093.20358231189        1000.0000000000000     
   108093.20358231189        1000.0000000000000     
   109093.20358231189        1000.0000000000000     
   110093.20358231189        1000.0000000000000     
   111093.20358231189        1000.0000000000000     
   112093.20358231189        1000.0000000000000     
   113093.20358231189        1000.0000000000000     
   114093.20358231189        1000.0000000000000     
   115093.20358231189        1000.0000000000000     
   116093.20358231189        1000.0000000000000     
   117093.20358231189        1000.0000000000000     
   118093.20358231189        1000.0000000000000     
   119093.20358231189        1000.0000000000000     
   120093.20358231189        1000.0000000000000     
   121093.20358231189        1000.0000000000000     
   122093.20358231189        1000.0000000000000     
   123093.20358231189        1000.0000000000000     
   124093.20358231189        1000.0000000000000     
   125093.20358231189        1000.0000000000000     
   126093.20358231189        1000.0000000000000     
   127093.20358231189        1000.0000000000000     
   128093.20358231189        1000.0000000000000     
   129093.20358231189        1000.0000000000000     
   130093.20358231189        1000.0000000000000     
   131093.20358231189        1000.0000000000000     
   132093.20358231189        1000.0000000000000     
   133093.20358231189        1000.0000000000000     
   134093.20358231189        1000.0000000000000     
   135093.20358231189        1000.0000000000000     
   136093.20358231189        1000.0000000000000     
   137093.20358231189        1000.0000000000000     
   138093.20358231189        1000.0000000000000     
   139093.20358231189        1000.0000000000000     
   140093.20358231189        1000.0000000000000     
   141093.20358231189        1000.0000000000000     
   142093.20358231189        1000.0000000000000     
   143093.20358231189        1000.0000000000000     
   144093.20358231189        1000.0000000000000     
   145093.20358231189        1000.0000000000000     
   146093.20358231189        1000.0000000000000     
   147093.20358231189        1000.0000000000000     
   148093.20358231189        1000.0000000000000     
   149093.20358231189        1000.0000000000000     
   150093.20358231189        1000.0000000000000     
   151093.20358231189        1000.0000000000000     
   152093.20358231189        1000.0000000000000     
   153093.20358231189        1000.0000000000000     
   154093.20358231189        1000.0000000000000     
   155093.20358231189        1000.0000000000000     
   156093.20358231189        1000.0000000000000     
   157093.20358231189        1000.0000000000000     
   158093.20358231189        1000.0000000000000     
   159093.20358231189        1000.0000000000000     
   160093.20358231189        1000.0000000000000     
   161093.20358231189        1000.0000000000000     
   162093.20358231189        1000.0000000000000     
   163093.20358231189        1000.0000000000000     
   164093.20358231189        1000.0000000000000     
   165093.20358231189        1000.0000000000000     
   166093.20358231189        1000.0000000000000     
   167093.20358231189        1000.0000000000000     
   168093.20358231189        1000.0000000000000     
   169093.20358231189        1000.0000000000000     
   170093.20358231189        1000.0000000000000     
   171093.20358231189        1000.0000000000000     
   172093.20358231189        1000.0000000000000     
   173093.20358231189        1000.0000000000000     
   174093.20358231189        1000.0000000000000     
   175093.20358231189        1000.0000000000000     
   176093.20358231189        1000.0000000000000     
   177093.20358231189        1000.0000000000000     
   178093.20358231189        1000.0000000000000     
   179093.20358231189        1000.0000000000000     
   180093.20358231189        1000.0000000000000     
   181093.20358231189        1000.0000000000000     
   182093.20358231189        1000.0000000000000     
   183093.20358231189        1000.0000000000000     
   184093.20358231189        1000.0000000000000     
   185093.20358231189        1000.0000000000000     
   186093.20358231189        1000.0000000000000     
   187093.20358231189        1000.0000000000000     
   188093.20358231189        1000.0000000000000     
   189093.20358231189        1000.0000000000000     
   190093.20358231189        1000.0000000000000     
   191093.20358231189        1000.0000000000000     
   192093.20358231189        1000.0000000000000     
   193093.20358231189        1000.0000000000000     
   194093.20358231189        1000.0000000000000     
   195093.20358231189        1000.0000000000000     
   196093.20358231189        1000.0000000000000     
   197093.20358231189        1000.0000000000000     
   198093.20358231189        1000.0000000000000     
   199093.20358231189        1000.0000000000000     
   200093.20358231189        1000.0000000000000     
   201093.20358231189        1000.0000000000000     
   202093.20358231189        1000.0000000000000     
   203093.20358231189        1000.0000000000000     
   204093.20358231189        1000.0000000000000     
   205093.20358231189        1000.0000000000000     
   206093.20358231189        1000.0000000000000     
   207093.20358231189        1000.0000000000000     
   208093.20358231189        1000.0000000000000     
   209093.20358231189        1000.0000000000000     
   210093.20358231189        1000.0000000000000     
   211093.20358231189        1000.0000000000000     
   212093.20358231189        1000.0000000000000     
   213093.20358231189        1000.0000000000000     
   214093.20358231189        1000.0000000000000     
   215093.20358231189        1000.0000000000000     
   216093.20358231189        1000.0000000000000     
   217093.20358231189        1000.0000000000000     
   218093.20358231189        1000.0000000000000     
   219093.20358231189        1000.0000000000000     
   220093.20358231189        1000.0000000000000     
   221093.20358231189        1000.0000000000000     
   222093.20358231189        1000.0000000000000     
   223093.20358231189        1000.0000000000000     
   224093.20358231189        1000.0000000000000     
   225093.20358231189        1000.0000000000000     
   226093.20358231189        1000.0000000000000     
   227093.20358231189        1000.0000000000000     
   228093.20358231189        1000.0000000000000     
   229093.20358231189        1000.0000000000000     
   230093.20358231189        1000.0000000000000     
   231093.20358231189        1000.0000000000000     
   232093.20358231189        1000.0000000000000     
   233093.20358231189        1000.0000000000000     
   234093.20358231189        1000.0000000000000     
   235093.20358231189        1000.0000000000000     
   236093.20358231189        1000.0000000000000     
   237093.20358231189        1000.0000000000000     
   238093.20358231189        1000.0000000000000     
   239093.20358231189        1000.0000000000000     
   240093.20358231189        1000.0000000000000     
   241093.20358231189        1000.0000000000000     
   242093.20358231189        1000.0000000000000     
   243093.20358231189        1000.0000000000000     
   244093.20358231189        1000.0000000000000     
   245093.20358231189        1000.0000000000000     
   246093.20358231189        1000.0000000000000     
   247093.20358231189        1000.0000000000000     
   248093.20358231189        1000.0000000000000     
   249093.20358231189        1000.0000000000000     
   250093.20358231189        1000.0000000000000     
   251093.20358231189        1000.0000000000000     
   252093.20358231189        1000.0000000000000     
   253093.20358231189        1000.0000000000000     
   254093.20358231189        1000.0000000000000     
   255093.20358231189        1000.0000000000000     
   256093.20358231189        1000.0000000000000     
   257093.20358231189        1000.0000000000000     
   258093.20358231189        1000.0000000000000     
   259093.20358231189        1000.0000000000000     
   260093.20358231189        1000.0000000000000     
   261093.20358231189        1000.0000000000000     
   262093.20358231189        1000.0000000000000     
   263093.20358231186        1000.0000000000000     
   264093.20358231186        1000.0000000000000     
   265093.20358231186        1000.0000000000000     
   266093.20358231186        1000.0000000000000     
   267093.20358231186        1000.0000000000000     
   268093.20358231186        1000.0000000000000     
   269093.20358231186        1000.0000000000000     
   270093.20358231186        1000.0000000000000     
   271093.20358231186        1000.0000000000000     
   272093.20358231186        1000.0000000000000     
   273093.20358231186        1000.0000000000000     
   274093.20358231186        1000.0000000000000     
   275093.20358231186        1000.0000000000000     
   276093.20358231186        1000.0000000000000     
   277093.20358231186        1000.0000000000000     
   278093.20358231186        1000.0000000000000     
   279093.20358231186        1000.0000000000000     
   280093.20358231186        1000.0000000000000     
   281093.20358231186        1000.0000000000000     
   282093.20358231186        1000.0000000000000     
   283093.20358231186        1000.0000000000000     
   284093.20358231186        1000.0000000000000     
   285093.20358231186        1000.0000000000000     
   286093.20358231186        1000.0000000000000     
   287093.20358231186        1000.0000000000000     
   288093.20358231186        1000.0000000000000     
   289093.20358231186        1000.0000000000000     
   290093.20358231186        1000.0000000000000     
   291093.20358231186        1000.0000000000000     
   292093.20358231186        1000.0000000000000     
   293093.20358231186        1000.0000000000000     
   294093.20358231186        1000.0000000000000     
   295093.20358231186        1000.0000000000000     
   296093.20358231186        1000.0000000000000     
   297093.20358231186        1000.0000000000000     
   298093.20358231186        1000.0000000000000     
   299093.20358231186        1000.0000000000000     
   300093.20358231186        1000.0000000000000     
   301093.20358231186        1000.0000000000000     
   302093.20358231186        1000.0000000000000     
   303093.20358231186        1000.0000000000000     
   304093.20358231186        1000.0000000000000     
   305093.20358231186        1000.0000000000000     
   306093.20358231186        1000.0000000000000     
   307093.20358231186        1000.0000000000000     
   308093.20358231186        1000.0000000000000     
   309093.20358231186        1000.0000000000000     
   310093.20358231186        1000.0000000000000     
   311093.20358231186        1000.0000000000000     
   312093.20358231186        1000.0000000000000     
   313093.20358231186        1000.0000000000000     
   314093.20358231186        1000.0000000000000     
   315093.20358231186        1000.0000000000000     
   316093.20358231186        1000.0000000000000     
   317093.20358231186        1000.0000000000000     
   318093.20358231186        1000.0000000000000     
   319093.20358231186        1000.0000000000000     
   320093.20358231186        1000.0000000000000     
   321093.20358231186        1000.0000000000000     
   322093.20358231186        1000.0000000000000     
   323093.20358231186        1000.0000000000000     
   324093.20358231186        1000.0000000000000     
   325093.20358231186        1000.0000000000000     
   326093.20358231186        1000.0000000000000     
   327093.20358231186        1000.0000000000000     
   328093.20358231186        1000.0000000000000     
   329093.20358231186        1000.0000000000000     
   330093.20358231186        1000.0000000000000     
   331093.20358231186        1000.0000000000000     
   332093.20358231186        1000.0000000000000     
   333093.20358231186        1000.0000000000000     
   334093.20358231186        1000.0000000000000     
   335093.20358231186        1000.0000000000000     
   336093.20358231186        1000.0000000000000     
   337093.20358231186        1000.0000000000000     
   338093.20358231186        1000.0000000000000     
   339093.20358231186        1000.0000000000000     
   340093.20358231186        1000.0000000000000     
   341093.20358231186        1000.0000000000000     
   342093.20358231186        1000.0000000000000     
   343093.20358231186        1000.0000000000000     
   344093.20358231186        1000.0000000000000     
   345093.20358231186        1000.0000000000000     
   346093.20358231186        1000.0000000000000     
   347093.20358231186        1000.0000000000000     
   348093.20358231186        1000.0000000000000     
   349093.20358231186        1000.0000000000000     
   350093.20358231186        1000.0000000000000     
   351093.20358231186        1000.0000000000000     
   352093.20358231186        1000.0000000000000     
   353093.20358231186        1000.0000000000000     
   354093.20358231186        1000.0000000000000     
   355093.20358231186        1000.0000000000000     
   356093.20358231186        1000.0000000000000     
   357093.20358231186        1000.0000000000000     
   358093.20358231186        1000.0000000000000     
   359093.20358231186        1000.0000000000000     
   360093.20358231186        1000.0000000000000     
   361093.20358231186        1000.0000000000000     
   362093.20358231186        1000.0000000000000     
   363093.20358231186        1000.0000000000000     
   364093.20358231186        1000.0000000000000     
   365093.20358231186        1000.0000000000000     
   366093.20358231186        1000.0000000000000     
   367093.20358231186        1000.0000000000000     
   368093.20358231186        1000.0000000000000     
   369093.20358231186        1000.0000000000000     
   370093.20358231186        1000.0000000000000     
   371093.20358231186        1000.0000000000000     
   372093.20358231186        1000.0000000000000     
   373093.20358231186        1000.0000000000000     
   374093.20358231186        1000.0000000000000     
   375093.20358231186        1000.0000000000000     
   376093.20358231186        1000.0000000000000     
   377093.20358231186        1000.0000000000000     
   378093.20358231186        1000.0000000000000     
   379093.20358231186        1000.0000000000000     
   380093.20358231186        1000.0000000000000     
   381093.20358231186        1000.0000000000000     
   382093.20358231186        1000.0000000000000     
   383093.20358231186        1000.0000000000000     
   384093.20358231186        1000.0000000000000     
   385093.20358231186        1000.0000000000000     
   386093.20358231186        1000.0000000000000     
   387093.20358231186        1000.0000000000000     
   388093.20358231186        1000.0000000000000     
   389093.20358231186        1000.0000000000000     
   390093.20358231186        1000.0000000000000     
   391093.20358231186        1000.0000000000000     
   392093.20358231186        1000.0000000000000     
   393093.20358231186        1000.0000000000000     
   394093.20358231186        1000.0000000000000     
   395093.20358231186        1000.0000000000000     
   396093.20358231186        1000.0000000000000     
   397093.20358231186        1000.0000000000000     
   398093.20358231186        1000.0000000000000     
   399093.20358231186        1000.0000000000000     
   400093.20358231186        1000.0000000000000     
   401093.20358231186        1000.0000000000000     
   402093.20358231186        1000.0000000000000     
   403093.20358231186        1000.0000000000000     
   404093.20358231186        1000.0000000000000     
   405093.20358231186        1000.0000000000000     
   406093.20358231186        1000.0000000000000     
   407093.20358231186        1000.0000000000000     
   408093.20358231186        1000.0000000000000     
   409093.20358231186        1000.0000000000000     
   410093.20358231186        1000.0000000000000     
   411093.20358231186        1000.0000000000000     
   412093.20358231186        1000.0000000000000     
   413093.20358231186        1000.0000000000000     
   414093.20358231186        1000.0000000000000     
   415093.20358231186        1000.0000000000000     
   416093.20358231186        1000.0000000000000     
   417093.20358231186        1000.0000000000000     
   418093.20358231186        1000.0000000000000     
   419093.20358231186        1000.0000000000000     
   420093.20358231186        1000.0000000000000     
   421093.20358231186        1000.0000000000000     
   422093.20358231186        1000.0000000000000     
   423093.20358231186        1000.0000000000000     
   424093.20358231186        1000.0000000000000     
   425093.20358231186        1000.0000000000000     
   426093.20358231186        1000.0000000000000     
   427093.20358231186        1000.0000000000000     
   428093.20358231186        1000.0000000000000     
   429093.20358231186        1000.0000000000000     
   430093.20358231186        1000.0000000000000     
   431093.20358231186        1000.0000000000000     
   432093.20358231186        1000.0000000000000     
   433093.20358231186        1000.0000000000000     
   434093.20358231186        1000.0000000000000     
   435093.20358231186        1000.0000000000000     
   436093.20358231186        1000.0000000000000     
   437093.20358231186        1000.0000000000000     
   438093.20358231186        1000.0000000000000     
   439093.20358231186        1000.0000000000000     
   440093.20358231186        1000.0000000000000     
   441093.20358231186        1000.0000000000000     
   442093.20358231186        1000.0000000000000     
   443093.20358231186        1000.0000000000000     
   444093.20358231186        1000.0000000000000     
   445093.20358231186        1000.0000000000000     
   446093.20358231186        1000.0000000000000     
   447093.20358231186        1000.0000000000000     
   448093.20358231186        1000.0000000000000     
   449093.20358231186        1000.0000000000000     
   450093.20358231186        1000.0000000000000     
   451093.20358231186        1000.0000000000000     
   452093.20358231186        1000.0000000000000     
   453093.20358231186        1000.0000000000000     
   454093.20358231186        1000.0000000000000     
   455093.20358231186        1000.0000000000000     
   456093.20358231186        1000.0000000000000     
   457093.20358231186        1000.0000000000000     
   458093.20358231186        1000.0000000000000     
   459093.20358231186        1000.0000000000000     
   460093.20358231186        1000.0000000000000     
   461093.20358231186        1000.0000000000000     
   462093.20358231186        1000.0000000000000     
   463093.20358231186        1000.0000000000000     
   464093.20358231186        1000.0000000000000     
   465093.20358231186        1000.0000000000000     
   466093.20358231186        1000.0000000000000     
   467093.20358231186        1000.0000000000000     
   468093.20358231186        1000.0000000000000     
   469093.20358231186        1000.0000000000000     
   470093.20358231186        1000.0000000000000     
   471093.20358231186        1000.0000000000000     
   472093.20358231186        1000.0000000000000     
   473093.20358231186        1000.0000000000000     
   474093.20358231186        1000.0000000000000     
   475093.20358231186        1000.0000000000000     
   476093.20358231186        1000.0000000000000     
   477093.20358231186        1000.0000000000000     
   478093.20358231186        1000.0000000000000     
   479093.20358231186        1000.0000000000000     
   480093.20358231186        1000.0000000000000     
   481093.20358231186        1000.0000000000000     
   482093.20358231186        1000.0000000000000     
   483093.20358231186        1000.0000000000000     
   484093.20358231186        1000.0000000000000     
   485093.20358231186        1000.0000000000000     
   486093.20358231186        1000.0000000000000     
   487093.20358231186        1000.0000000000000     
   488093.20358231186        1000.0000000000000     
   489093.20358231186        1000.0000000000000     
   490093.20358231186        1000.0000000000000     
   491093.20358231186        1000.0000000000000     
   492093.20358231186        1000.0000000000000     
   493093.20358231186        1000.0000000000000     
   494093.20358231186        1000.0000000000000     
   495093.20358231186        1000.0000000000000     
   496093.20358231186        1000.0000000000000     
   497093.20358231186        1000.0000000000000     
   498093.20358231186        1000.0000000000000     
   499093.20358231186        1000.0000000000000     
   500093.20358231186        1000.0000000000000     
   501093.20358231186        1000.0000000000000     
   502093.20358231186        1000.0000000000000     
   503093.20358231186        1000.0000000000000     
   504093.20358231186        1000.0000000000000     
   505093.20358231186        1000.0000000000000     
   506093.20358231186        1000.0000000000000     
   507093.20358231186        1000.0000000000000     
   508093.20358231186        1000.0000000000000     
   509093.20358231186        1000.0000000000000     
   510093.20358231186        1000.0000000000000     
   511093.20358231186        1000.0000000000000     
   512093.20358231186        1000.0000000000000     
   513093.20358231186        1000.0000000000000     
   514093.20358231186        1000.0000000000000     
   515093.20358231186        1000.0000000000000     
   516093.20358231186        1000.0000000000000     
   517093.20358231186        1000.0000000000000     
   518093.20358231186        1000.0000000000000     
   519093.20358231186        1000.0000000000000     
   520093.20358231186        1000.0000000000000     
   521093.20358231186        1000.0000000000000     
   522093.20358231186        1000.0000000000000     
   523093.20358231186        1000.0000000000000     
   524093.20358231186        1000.0000000000000     
   525093.20358231186        1000.0000000000000     
   526093.20358231186        1000.0000000000000     
   527093.20358231186        1000.0000000000000     
   528093.20358231186        1000.0000000000000     
   529093.20358231186        1000.0000000000000     
   530093.20358231186        1000.0000000000000     
   531093.20358231186        1000.0000000000000     
   532093.20358231186        1000.0000000000000     
   533093.20358231186        1000.0000000000000     
   534093.20358231186        1000.0000000000000     
   535093.20358231186        1000.0000000000000     
   536093.20358231186        1000.0000000000000     
   537093.20358231186        1000.0000000000000     
   538093.20358231186        1000.0000000000000     
   539093.20358231186        1000.0000000000000     
   540093.20358231186        1000.0000000000000     
   541093.20358231186        1000.0000000000000     
   542093.20358231186        1000.0000000000000     
   543093.20358231186        1000.0000000000000     
   544093.20358231186        1000.0000000000000     
   545093.20358231186        1000.0000000000000     
   546093.20358231186        1000.0000000000000     
   547093.20358231186        1000.0000000000000     
   548093.20358231186        1000.0000000000000     
   549093.20358231186        1000.0000000000000     
   550093.20358231186        1000.0000000000000     
   551093.20358231186        1000.0000000000000     
   552093.20358231186        1000.0000000000000     
   553093.20358231186        1000.0000000000000     
   554093.20358231186        1000.0000000000000     
   555093.20358231186        1000.0000000000000     
   556093.20358231186        1000.0000000000000     
   557093.20358231186        1000.0000000000000     
   558093.20358231186        1000.0000000000000     
   559093.20358231186        1000.0000000000000     
   560093.20358231186        1000.0000000000000     
   561093.20358231186        1000.0000000000000     
   562093.20358231186        1000.0000000000000     
   563093.20358231186        1000.0000000000000     
   564093.20358231186        1000.0000000000000     
   565093.20358231186        1000.0000000000000     
   566093.20358231186        1000.0000000000000     
   567093.20358231186        1000.0000000000000     
   568093.20358231186        1000.0000000000000     
   569093.20358231186        1000.0000000000000     
   570093.20358231186        1000.0000000000000     
   571093.20358231186        1000.0000000000000     
   572093.20358231186        1000.0000000000000     
   573093.20358231186        1000.0000000000000     
   574093.20358231186        1000.0000000000000     
   575093.20358231186        1000.0000000000000     
   576093.20358231186        1000.0000000000000     
   577093.20358231186        1000.0000000000000     
   578093.20358231186        1000.0000000000000     
   579093.20358231186        1000.0000000000000     
   580093.20358231186        1000.0000000000000     
   581093.20358231186        1000.0000000000000     
   582093.20358231186        1000.0000000000000     
   583093.20358231186        1000.0000000000000     
   584093.20358231186        1000.0000000000000     
   585093.20358231186        1000.0000000000000     
   586093.20358231186        1000.0000000000000     
   587093.20358231186        1000.0000000000000     
   588093.20358231186        1000.0000000000000     
   589093.20358231186        1000.0000000000000     
   590093.20358231186        1000.0000000000000     
   591093.20358231186        1000.0000000000000     
   592093.20358231186        1000.0000000000000     
   593093.20358231186        1000.0000000000000     
   594093.20358231186        1000.0000000000000     
   595093.20358231186        1000.0000000000000     
   596093.20358231186        1000.0000000000000     
   597093.20358231186        1000.0000000000000     
   598093.20358231186        1000.0000000000000     
   599093.20358231186        1000.0000000000000     
   600093.20358231186        1000.0000000000000     
   601093.20358231186        1000.0000000000000     
   602093.20358231186        1000.0000000000000     
   603093.20358231186        1000.0000000000000     
   604093.20358231186        1000.0000000000000     
   605093.20358231186        1000.0000000000000     
   606093.20358231186        1000.0000000000000     
   607093.20358231186        1000.0000000000000     
   608093.20358231186        1000.0000000000000     
   609093.20358231186        1000.0000000000000     
   610093.20358231186        1000.0000000000000     
   611093.20358231186        1000.0000000000000     
   612093.20358231186        1000.0000000000000     
   613093.20358231186        1000.0000000000000     
   614093.20358231186        1000.0000000000000     
   615093.20358231186        1000.0000000000000     
   616093.20358231186        1000.0000000000000     
   617093.20358231186        1000.0000000000000     
   618093.20358231186        1000.0000000000000     
   619093.20358231186        1000.0000000000000     
   620093.20358231186        1000.0000000000000     
   621093.20358231186        1000.0000000000000     
   622093.20358231186        1000.0000000000000     
   623093.20358231186        1000.0000000000000     
   624093.20358231186        1000.0000000000000     
   625093.20358231186        1000.0000000000000     
   626093.20358231186        1000.0000000000000     
   627093.20358231186        1000.0000000000000     
   628093.20358231186        1000.0000000000000     
   629093.20358231186        1000.0000000000000     
   630093.20358231186        1000.0000000000000     
   631093.20358231186        1000.0000000000000     
   632093.20358231186        1000.0000000000000     
   633093.20358231186        1000.0000000000000     
   634093.20358231186        1000.0000000000000     
   635093.20358231186        1000.0000000000000     
   636093.20358231186        1000.0000000000000     
   637093.20358231186        1000.0000000000000     
   638093.20358231186        1000.0000000000000     
   639093.20358231186        1000.0000000000000     
   640093.20358231186        1000.0000000000000     
   641093.20358231186        1000.0000000000000     
   642093.20358231186        1000.0000000000000     
   643093.20358231186        1000.0000000000000     
   644093.20358231186        1000.0000000000000     
   645093.20358231186        1000.0000000000000     
   646093.20358231186        1000.0000000000000     
   647093.20358231186        1000.0000000000000     
   648093.20358231186        1000.0000000000000     
   649093.20358231186        1000.0000000000000     
   650093.20358231186        1000.0000000000000     
   651093.20358231186        1000.0000000000000     
   652093.20358231186        1000.0000000000000     
   653093.20358231186        1000.0000000000000     
   654093.20358231186        1000.0000000000000     
   655093.20358231186        1000.0000000000000     
   656093.20358231186        1000.0000000000000     
   657093.20358231186        1000.0000000000000     
   658093.20358231186        1000.0000000000000     
   659093.20358231186        1000.0000000000000     
   660093.20358231186        1000.0000000000000     
   661093.20358231186        1000.0000000000000     
   662093.20358231186        1000.0000000000000     
   663093.20358231186        1000.0000000000000     
   664093.20358231186        1000.0000000000000     
   665093.20358231186        1000.0000000000000     
   666093.20358231186        1000.0000000000000     
   667093.20358231186        1000.0000000000000     
   668093.20358231186        1000.0000000000000     
   669093.20358231186        1000.0000000000000     
   670093.20358231186        1000.0000000000000     
   671093.20358231186        1000.0000000000000     
   672093.20358231186        1000.0000000000000     
   673093.20358231186        1000.0000000000000     
   674093.20358231186        1000.0000000000000     
   675093.20358231186        1000.0000000000000     
   676093.20358231186        1000.0000000000000     
   677093.20358231186        1000.0000000000000     
   678093.20358231186        1000.0000000000000     
   679093.20358231186        1000.0000000000000     
   680093.20358231186        1000.0000000000000     
   681093.20358231186        1000.0000000000000     
   682093.20358231186        1000.0000000000000     
   683093.20358231186        1000.0000000000000     
   684093.20358231186        1000.0000000000000     
   685093.20358231186        1000.0000000000000     
   686093.20358231186        1000.0000000000000     
   687093.20358231186        1000.0000000000000     
   688093.20358231186        1000.0000000000000     
   689093.20358231186        1000.0000000000000     
   690093.20358231186        1000.0000000000000     
   691093.20358231186        1000.0000000000000     
   692093.20358231186        1000.0000000000000     
   693093.20358231186        1000.0000000000000     
   694093.20358231186        1000.0000000000000     
   695093.20358231186        1000.0000000000000     
   696093.20358231186        1000.0000000000000     
   697093.20358231186        1000.0000000000000     
   698093.20358231186        1000.0000000000000     
   699093.20358231186        1000.0000000000000     
   700093.20358231186        1000.0000000000000     
   701093.20358231186        1000.0000000000000     
   702093.20358231186        1000.0000000000000     
   703093.20358231186        1000.0000000000000     
   704093.20358231186        1000.0000000000000     
   705093.20358231186        1000.0000000000000     
   706093.20358231186        1000.0000000000000     
   707093.20358231186        1000.0000000000000     
   708093.20358231186        1000.0000000000000     
   709093.20358231186        1000.0000000000000     
   710093.20358231186        1000.0000000000000     
   711093.20358231186        1000.0000000000000     
   712093.20358231186        1000.0000000000000     
   713093.20358231186        1000.0000000000000     
   714093.20358231186        1000.0000000000000     
   715093.20358231186        1000.0000000000000     
   716093.20358231186        1000.0000000000000     
   717093.20358231186        1000.0000000000000     
   718093.20358231186        1000.0000000000000     
   719093.20358231186        1000.0000000000000     
   720093.20358231186        1000.0000000000000     
   721093.20358231186        1000.0000000000000     
   722093.20358231186        1000.0000000000000     
   723093.20358231186        1000.0000000000000     
   724093.20358231186        1000.0000000000000     
   725093.20358231186        1000.0000000000000     
   726093.20358231186        1000.0000000000000     
   727093.20358231186        1000.0000000000000     
   728093.20358231186        1000.0000000000000     
   729093.20358231186        1000.0000000000000     
   730093.20358231186        1000.0000000000000     
   731093.20358231186        1000.0000000000000     
   732093.20358231186        1000.0000000000000     
   733093.20358231186        1000.0000000000000     
   734093.20358231186        1000.0000000000000     
   735093.20358231186        1000.0000000000000     
   736093.20358231186        1000.0000000000000     
   737093.20358231186        1000.0000000000000     
   738093.20358231186        1000.0000000000000     
   739093.20358231186        1000.0000000000000     
   740093.20358231186        1000.0000000000000     
   741093.20358231186        1000.0000000000000     
   742093.20358231186        1000.0000000000000     
   743093.20358231186        1000.0000000000000     
   744093.20358231186        1000.0000000000000     
   745093.20358231186        1000.0000000000000     
   746093.20358231186        1000.0000000000000     
   747093.20358231186        1000.0000000000000     
   748093.20358231186        1000.0000000000000     
   749093.20358231186        1000.0000000000000     
   750093.20358231186        1000.0000000000000     
   751093.20358231186        1000.0000000000000     
   752093.20358231186        1000.0000000000000     
   753093.20358231186        1000.0000000000000     
   754093.20358231186        1000.0000000000000     
   755093.20358231186        1000.0000000000000     
   756093.20358231186        1000.0000000000000     
   757093.20358231186        1000.0000000000000     
   758093.20358231186        1000.0000000000000     
   759093.20358231186        1000.0000000000000     
   760093.20358231186        1000.0000000000000     
   761093.20358231186        1000.0000000000000     
   762093.20358231186        1000.0000000000000     
   763093.20358231186        1000.0000000000000     
   764093.20358231186        1000.0000000000000     
   765093.20358231186        1000.0000000000000     
   766093.20358231186        1000.0000000000000     
   767093.20358231186        1000.0000000000000     
   768093.20358231186        1000.0000000000000     
   769093.20358231186        1000.0000000000000     
   770093.20358231186        1000.0000000000000     
   771093.20358231186        1000.0000000000000     
   772093.20358231186        1000.0000000000000     
   773093.20358231186        1000.0000000000000     
   774093.20358231186        1000.0000000000000     
   775093.20358231186        1000.0000000000000     
   776093.20358231186        1000.0000000000000     
   777093.20358231186        1000.0000000000000     
   778093.20358231186        1000.0000000000000     
   779093.20358231186        1000.0000000000000     
   780093.20358231186        1000.0000000000000     
   781093.20358231186        1000.0000000000000     
   782093.20358231186        1000.0000000000000     
   783093.20358231186        1000.0000000000000     
   784093.20358231186        1000.0000000000000     
   785093.20358231186        1000.0000000000000     
   786093.20358231186        1000.0000000000000     
   787093.20358231186        1000.0000000000000     
   788093.20358231186        1000.0000000000000     
   789093.20358231186        1000.0000000000000     
   790093.20358231186        1000.0000000000000     
   791093.20358231186        1000.0000000000000     
   792093.20358231186        1000.0000000000000     
   793093.20358231186        1000.0000000000000     
   794093.20358231186        1000.0000000000000     
   795093.20358231186        1000.0000000000000     
   796093.20358231186        1000.0000000000000     
   797093.20358231186        1000.0000000000000     
   798093.20358231186        1000.0000000000000     
   799093.20358231186        1000.0000000000000     
   800093.20358231186        1000.0000000000000     
   801093.20358231186        1000.0000000000000     
   802093.20358231186        1000.0000000000000     
   803093.20358231186        1000.0000000000000     
   804093.20358231186        1000.0000000000000     
   805093.20358231186        1000.0000000000000     
   806093.20358231186        1000.0000000000000     
   807093.20358231186        1000.0000000000000     
   808093.20358231186        1000.0000000000000     
   809093.20358231186        1000.0000000000000     
   810093.20358231186        1000.0000000000000     
   811093.20358231186        1000.0000000000000     
   812093.20358231186        1000.0000000000000     
   813093.20358231186        1000.0000000000000     
   814093.20358231186        1000.0000000000000     
   815093.20358231186        1000.0000000000000     
   816093.20358231186        1000.0000000000000     
   817093.20358231186        1000.0000000000000     
   818093.20358231186        1000.0000000000000     
   819093.20358231186        1000.0000000000000     
   820093.20358231186        1000.0000000000000     
   821093.20358231186        1000.0000000000000     
   822093.20358231186        1000.0000000000000     
   823093.20358231186        1000.0000000000000     
   824093.20358231186        1000.0000000000000     
   825093.20358231186        1000.0000000000000     
   826093.20358231186        1000.0000000000000     
   827093.20358231186        1000.0000000000000     
   828093.20358231186        1000.0000000000000     
   829093.20358231186        1000.0000000000000     
   830093.20358231186        1000.0000000000000     
   831093.20358231186        1000.0000000000000     
   832093.20358231186        1000.0000000000000     
   833093.20358231186        1000.0000000000000     
   834093.20358231186        1000.0000000000000     
   835093.20358231186        1000.0000000000000     
   836093.20358231186        1000.0000000000000     
   837093.20358231186        1000.0000000000000     
   838093.20358231186        1000.0000000000000     
   839093.20358231186        1000.0000000000000     
   840093.20358231186        1000.0000000000000     
   841093.20358231186        1000.0000000000000     
   842093.20358231186        1000.0000000000000     
   843093.20358231186        1000.0000000000000     
   844093.20358231186        1000.0000000000000     
   845093.20358231186        1000.0000000000000     
   846093.20358231186        1000.0000000000000     
   847093.20358231186        1000.0000000000000     
   848093.20358231186        1000.0000000000000     
   849093.20358231186        1000.0000000000000     
   850093.20358231186        1000.0000000000000     
   851093.20358231186        1000.0000000000000     
   852093.20358231186        1000.0000000000000     
   853093.20358231186        1000.0000000000000     
   854093.20358231186        1000.0000000000000     
   855093.20358231186        1000.0000000000000     
   856093.20358231186        1000.0000000000000     
   857093.20358231186        1000.0000000000000     
   858093.20358231186        1000.0000000000000     
   859093.20358231186        1000.0000000000000     
   860093.20358231186        1000.0000000000000     
   861093.20358231186        1000.0000000000000     
   862093.20358231186        1000.0000000000000     
   863093.20358231186        1000.0000000000000     
   864093.20358231186        1000.0000000000000     
   865093.20358231186        1000.0000000000000     
   866093.20358231186        1000.0000000000000     
   867093.20358231186        1000.0000000000000     
   868093.20358231186        1000.0000000000000     
   869093.20358231186        1000.0000000000000     
   870093.20358231186        1000.0000000000000     
   871093.20358231186        1000.0000000000000     
   872093.20358231186        1000.0000000000000     
   873093.20358231186        1000.0000000000000     
   874093.20358231186        1000.0000000000000     
   875093.20358231186        1000.0000000000000     
   876093.20358231186        1000.0000000000000     
   877093.20358231186        1000.0000000000000     
   878093.20358231186        1000.0000000000000     
   879093.20358231186        1000.0000000000000     
   880093.20358231186        1000.0000000000000     
   881093.20358231186        1000.0000000000000     
   882093.20358231186        1000.0000000000000     
   883093.20358231186        1000.0000000000000     
   884093.20358231186        1000.0000000000000     
   885093.20358231186        1000.0000000000000     
   886093.20358231186        1000.0000000000000     
   887093.20358231186        1000.0000000000000     
   888093.20358231186        1000.0000000000000     
   889093.20358231186        1000.0000000000000     
   890093.20358231186        1000.0000000000000     
   891093.20358231186        1000.0000000000000     
   892093.20358231186        1000.0000000000000     
   893093.20358231186        1000.0000000000000     
   894093.20358231186        1000.0000000000000     
   895093.20358231186        1000.0000000000000     
   896093.20358231186        1000.0000000000000     
   897093.20358231186        1000.0000000000000     
   898093.20358231186        1000.0000000000000     
   899093.20358231186        1000.0000000000000     
   900093.20358231186        1000.0000000000000     
   901093.20358231186        1000.0000000000000     
   902093.20358231186        1000.0000000000000     
   903093.20358231186        1000.0000000000000     
   904093.20358231186        1000.0000000000000     
   905093.20358231186        1000.0000000000000     
   906093.20358231186        1000.0000000000000     
   907093.20358231186        1000.0000000000000     
   908093.20358231186        1000.0000000000000     
   909093.20358231186        1000.0000000000000     
   910093.20358231186        1000.0000000000000     
   911093.20358231186        1000.0000000000000     
   912093.20358231186        1000.0000000000000     
   913093.20358231186        1000.0000000000000     
   914093.20358231186        1000.0000000000000     
   915093.20358231186        1000.0000000000000     
   916093.20358231186        1000.0000000000000     
   917093.20358231186        1000.0000000000000     
   918093.20358231186        1000.0000000000000     
   919093.20358231186        1000.0000000000000     
   920093.20358231186        1000.0000000000000     
   921093.20358231186        1000.0000000000000     
   922093.20358231186        1000.0000000000000     
   923093.20358231186        1000.0000000000000     
   924093.20358231186        1000.0000000000000     
   925093.20358231186        1000.0000000000000     
   926093.20358231186        1000.0000000000000     
   927093.20358231186        1000.0000000000000     
   928093.20358231186        1000.0000000000000     
   929093.20358231186        1000.0000000000000     
   930093.20358231186        1000.0000000000000     
   931093.20358231186        1000.0000000000000     
   932093.20358231186        1000.0000000000000     
   933093.20358231186        1000.0000000000000     
   934093.20358231186        1000.0000000000000     
   935093.20358231186        1000.0000000000000     
   936093.20358231186        1000.0000000000000     
   937093.20358231186        1000.0000000000000     
   938093.20358231186        1000.0000000000000     
   939093.20358231186        1000.0000000000000     
   940093.20358231186        1000.0000000000000     
   941093.20358231186        1000.0000000000000     
   942093.20358231186        1000.0000000000000     
   943093.20358231186        1000.0000000000000     
   944093.20358231186        1000.0000000000000     
   945093.20358231186        1000.0000000000000     
   946093.20358231186        1000.0000000000000     
   947093.20358231186        1000.0000000000000     
   948093.20358231186        1000.0000000000000     
   949093.20358231186        1000.0000000000000     
   950093.20358231186        1000.0000000000000     
   951093.20358231186        1000.0000000000000     
   952093.20358231186        1000.0000000000000     
   953093.20358231186        1000.0000000000000     
   954093.20358231186        1000.0000000000000     
   955093.20358231186        1000.0000000000000     
   956093.20358231186        1000.0000000000000     
   957093.20358231186        1000.0000000000000     
   958093.20358231186        1000.0000000000000     
   959093.20358231186        1000.0000000000000     
   960093.20358231186        1000.0000000000000     
   961093.20358231186        1000.0000000000000     
   962093.20358231186        1000.0000000000000     
   963093.20358231186        1000.0000000000000     
   964093.20358231186        1000.0000000000000     
   965093.20358231186        1000.0000000000000     
   966093.20358231186        1000.0000000000000     
   967093.20358231186        1000.0000000000000     
   968093.20358231186        1000.0000000000000     
   969093.20358231186        1000.0000000000000     
   970093.20358231186        1000.0000000000000     
   971093.20358231186        1000.0000000000000     
   972093.20358231186        1000.0000000000000     
   973093.20358231186        1000.0000000000000     
   974093.20358231186        1000.0000000000000     
   975093.20358231186        1000.0000000000000     
   976093.20358231186        1000.0000000000000     
   977093.20358231186        1000.0000000000000     
   978093.20358231186        1000.0000000000000     
   979093.20358231186        1000.0000000000000     
   980093.20358231186        1000.0000000000000     
   981093.20358231186        1000.0000000000000     
   982093.20358231186        1000.0000000000000     
   983093.20358231186        1000.0000000000000     
   984093.20358231186        1000.0000000000000     
   985093.20358231186        1000.0000000000000     
   986093.20358231186        1000.0000000000000     
   987093.20358231186        1000.0000000000000     
   988093.20358231186        1000.0000000000000     
   989093.20358231186        1000.0000000000000     
   990093.20358231186        1000.0000000000000     
   991093.20358231186        1000.0000000000000     
   992093.20358231186        1000.0000000000000     
   993093.20358231186        1000.0000000000000     
   994093.20358231186        1000.0000000000000     
   995093.20358231186        1000.0000000000000     
   996093.20358231186        1000.0000000000000     
   997093.20358231186        1000.0000000000000     
   998093.20358231186        1000.0000000000000     
   999093.20358231186        1000.0000000000000     
   1000093.2035823119        1000.0000000000000     
   1001093.2035823119        1000.0000000000000     
   1002093.2035823119        1000.0000000000000     
   1003093.2035823119        1000.0000000000000     
   1004093.2035823119        1000.0000000000000     
   1005093.2035823119        1000.0000000000000     
   1006093.2035823119        1000.0000000000000     
   1007093.2035823119        1000.0000000000000     
   1008093.2035823119        1000.0000000000000     
   1009093.2035823119        1000.0000000000000     
   1010093.2035823119        1000.0000000000000     
   1011093.2035823119        1000.0000000000000     
   1012093.2035823119        1000.0000000000000     
   1013093.2035823119        1000.0000000000000     
   1014093.2035823119        1000.0000000000000     
   1015093.2035823119        1000.0000000000000     
   1016093.2035823119        1000.0000000000000     
   1017093.2035823119        1000.0000000000000     
   1018093.2035823119        1000.0000000000000     
   1019093.2035823119        1000.0000000000000     
   1020093.2035823119        1000.0000000000000     
   1021093.2035823119        1000.0000000000000     
   1022093.2035823119        1000.0000000000000     
   1023093.2035823119        1000.0000000000000     
   1024093.2035823119        1000.0000000000000     
   1025093.2035823119        1000.0000000000000     
   1026093.2035823119        1000.0000000000000     
   1027093.2035823119        1000.0000000000000     
   1028093.2035823119        1000.0000000000000     
   1029093.2035823119        1000.0000000000000     
   1030093.2035823119        1000.0000000000000     
   1031093.2035823119        1000.0000000000000     
   1032093.2035823119        1000.0000000000000     
   1033093.2035823119        1000.0000000000000     
   1034093.2035823119        1000.0000000000000     
   1035093.2035823119        1000.0000000000000     
   1036093.2035823119        1000.0000000000000     
   1037093.2035823119        1000.0000000000000     
   1038093.2035823119        1000.0000000000000     
   1039093.2035823119        1000.0000000000000     
   1040093.2035823119        1000.0000000000000     
   1041093.2035823119        1000.0000000000000     
   1042093.2035823119        1000.0000000000000     
   1043093.2035823119        1000.0000000000000     
   1044093.2035823119        1000.0000000000000     
   1045093.2035823119        1000.0000000000000     
   1046093.2035823119        1000.0000000000000     
   1047093.2035823119        1000.0000000000000     
   1048093.2035823119        1000.0000000000000     
   1049093.2035823120        1000.0000000000000     
   1050093.2035823120        1000.0000000000000     
   1051093.2035823120        1000.0000000000000     
   1052093.2035823120        1000.0000000000000     
   1053093.2035823120        1000.0000000000000     
   1054093.2035823120        1000.0000000000000     
   1055093.2035823120        1000.0000000000000     
   1056093.2035823120        1000.0000000000000     
   1057093.2035823120        1000.0000000000000     
   1058093.2035823120        1000.0000000000000     
   1059093.2035823120        1000.0000000000000     
   1060093.2035823120        1000.0000000000000     
   1061093.2035823120        1000.0000000000000     
   1062093.2035823120        1000.0000000000000     
   1063093.2035823120        1000.0000000000000     
   1064093.2035823120        1000.0000000000000     
   1065093.2035823120        1000.0000000000000     
   1066093.2035823120        1000.0000000000000     
   1067093.2035823120        1000.0000000000000     
   1068093.2035823120        1000.0000000000000     
   1069093.2035823120        1000.0000000000000     
   1070093.2035823120        1000.0000000000000     
   1071093.2035823120        1000.0000000000000     
   1072093.2035823120        1000.0000000000000     
   1073093.2035823120        1000.0000000000000     
   1074093.2035823120        1000.0000000000000     
   1075093.2035823120        1000.0000000000000     
   1076093.2035823120        1000.0000000000000     
   1077093.2035823120        1000.0000000000000     
   1078093.2035823120        1000.0000000000000     
   1079093.2035823120        1000.0000000000000     
   1080093.2035823120        1000.0000000000000     
   1081093.2035823120        1000.0000000000000     
   1082093.2035823120        1000.0000000000000     
   1083093.2035823120        1000.0000000000000     
   1084093.2035823120        1000.0000000000000     
   1085093.2035823120        1000.0000000000000     
   1086093.2035823120        1000.0000000000000     
   1087093.2035823120        1000.0000000000000     
   1088093.2035823120        1000.0000000000000     
   1089093.2035823120        1000.0000000000000     
   1090093.2035823120        1000.0000000000000     
   1091093.2035823120        1000.0000000000000     
   1092093.2035823120        1000.0000000000000     
   1093093.2035823120        1000.0000000000000     
   1094093.2035823120        1000.0000000000000     
   1095093.2035823120        1000.0000000000000     
   1096093.2035823120        1000.0000000000000     
   1097093.2035823120        1000.0000000000000     
   1098093.2035823120        1000.0000000000000     
   1099093.2035823120        1000.0000000000000     
   1100093.2035823120        1000.0000000000000     
   1101093.2035823120        1000.0000000000000     
   1102093.2035823120        1000.0000000000000     
   1103093.2035823120        1000.0000000000000     
   1104093.2035823120        1000.0000000000000     
   1105093.2035823120        1000.0000000000000     
   1106093.2035823120        1000.0000000000000     
   1107093.2035823120        1000.0000000000000     
   1108093.2035823120        1000.0000000000000     
   1109093.2035823120        1000.0000000000000     
   1110093.2035823120        1000.0000000000000     
   1111093.2035823120        1000.0000000000000     
   1112093.2035823120        1000.0000000000000     
   1113093.2035823120        1000.0000000000000     
   1114093.2035823120        1000.0000000000000     
   1115093.2035823120        1000.0000000000000     
   1116093.2035823120        1000.0000000000000     
   1117093.2035823120        1000.0000000000000     
   1118093.2035823120        1000.0000000000000     
   1119093.2035823120        1000.0000000000000     
   1120093.2035823120        1000.0000000000000     
   1121093.2035823120        1000.0000000000000     
   1122093.2035823120        1000.0000000000000     
   1123093.2035823120        1000.0000000000000     
   1124093.2035823120        1000.0000000000000     
   1125093.2035823120        1000.0000000000000     
   1126093.2035823120        1000.0000000000000     
   1127093.2035823120        1000.0000000000000     
   1128093.2035823120        1000.0000000000000     
   1129093.2035823120        1000.0000000000000     
   1130093.2035823120        1000.0000000000000     
   1131093.2035823120        1000.0000000000000     
   1132093.2035823120        1000.0000000000000     
   1133093.2035823120        1000.0000000000000     
   1134093.2035823120        1000.0000000000000     
   1135093.2035823120        1000.0000000000000     
   1136093.2035823120        1000.0000000000000     
   1137093.2035823120        1000.0000000000000     
   1138093.2035823120        1000.0000000000000     
   1139093.2035823120        1000.0000000000000     
   1140093.2035823120        1000.0000000000000     
   1141093.2035823120        1000.0000000000000     
   1142093.2035823120        1000.0000000000000     
   1143093.2035823120        1000.0000000000000     
   1144093.2035823120        1000.0000000000000     
   1145093.2035823120        1000.0000000000000     
   1146093.2035823120        1000.0000000000000     
   1147093.2035823120        1000.0000000000000     
   1148093.2035823120        1000.0000000000000     
   1149093.2035823120        1000.0000000000000     
   1150093.2035823120        1000.0000000000000     
   1151093.2035823120        1000.0000000000000     
   1152093.2035823120        1000.0000000000000     
   1153093.2035823120        1000.0000000000000     
   1154093.2035823120        1000.0000000000000     
   1155093.2035823120        1000.0000000000000     
   1156093.2035823120        1000.0000000000000     
   1157093.2035823120        1000.0000000000000     
   1158093.2035823120        1000.0000000000000     
   1159093.2035823120        1000.0000000000000     
   1160093.2035823120        1000.0000000000000     
   1161093.2035823120        1000.0000000000000     
   1162093.2035823120        1000.0000000000000     
   1163093.2035823120        1000.0000000000000     
   1164093.2035823120        1000.0000000000000     
   1165093.2035823120        1000.0000000000000     
   1166093.2035823120        1000.0000000000000     
   1167093.2035823120        1000.0000000000000     
   1168093.2035823120        1000.0000000000000     
   1169093.2035823120        1000.0000000000000     
   1170093.2035823120        1000.0000000000000     
   1171093.2035823120        1000.0000000000000     
   1172093.2035823120        1000.0000000000000     
   1173093.2035823120        1000.0000000000000     
   1174093.2035823120        1000.0000000000000     
   1175093.2035823120        1000.0000000000000     
   1176093.2035823120        1000.0000000000000     
   1177093.2035823120        1000.0000000000000     
   1178093.2035823120        1000.0000000000000     
   1179093.2035823120        1000.0000000000000     
   1180093.2035823120        1000.0000000000000     
   1181093.2035823120        1000.0000000000000     
   1182093.2035823120        1000.0000000000000     
   1183093.2035823120        1000.0000000000000     
   1184093.2035823120        1000.0000000000000     
   1185093.2035823120        1000.0000000000000     
   1186093.2035823120        1000.0000000000000     
   1187093.2035823120        1000.0000000000000     
   1188093.2035823120        1000.0000000000000     
   1189093.2035823120        1000.0000000000000     
   1190093.2035823120        1000.0000000000000     
   1191093.2035823120        1000.0000000000000     
   1192093.2035823120        1000.0000000000000     
   1193093.2035823120        1000.0000000000000     
   1194093.2035823120        1000.0000000000000     
   1195093.2035823120        1000.0000000000000     
   1196093.2035823120        1000.0000000000000     
   1197093.2035823120        1000.0000000000000     
   1198093.2035823120        1000.0000000000000     
   1199093.2035823120        1000.0000000000000     
   1200093.2035823120        1000.0000000000000     
   1201093.2035823120        1000.0000000000000     
   1202093.2035823120        1000.0000000000000     
   1203093.2035823120        1000.0000000000000     
   1204093.2035823120        1000.0000000000000     
   1205093.2035823120        1000.0000000000000     
   1206093.2035823120        1000.0000000000000     
   1207093.2035823120        1000.0000000000000     
   1208093.2035823120        1000.0000000000000     
   1209093.2035823120        1000.0000000000000     
