   0.0000000000000000                         3
   1.0000000000000000                         2
   2.0600000000000001                         2
   3.1836000000000002                         2
   4.3746160000000005                         2
   5.6370929600000004                         2
   6.9753185376000006                         2
   8.3938376498560014                         2
   9.8974679088473625                         2
   11.491315983378204                         2
   13.180794942380897                         2
   14.971642638923752                         2
   16.869941197259177                         2
   18.882137669094728                         2
   21.015065929240414                         2
   23.275969884994840                         2
   25.672528078094530                         2
   28.212879762780204                         2
   30.905652548547017                         2
   33.759991701459839                         2
   36.785591203547433                         2
   39.992726675760281                         2
   43.392290276305900                         2
   46.995827692884255                         2
   50.815577354457311                         2
   54.864511995724754                         2
   59.156382715468240                         2
   63.705765678396340                         2
   68.528111619100116                         2
   73.639798316246129                         2
   79.058186215220900                         2
   84.801677388134152                         2
   90.889778031422210                         2
   97.343164713307544                         2
   104.18375459610600                         2
   111.43477987187237                         2
   119.12086666418472                         2
   127.26811866403581                         2
   135.90420578387796                         2
   145.05845813091065                         2
   154.76196561876529                         2
   165.04768355589121                         3
   175.95054456924470                         3
   187.50757724339940                         3
   199.75803187800338                         3
   212.74351379068358                         3
   226.50812461812461                         3
   241.09861209521210                         3
   256.56452882092486                         3
   272.95840055018039                         3
   290.33590458319122                         3
   308.75605885818271                         3
   328.28142238967371                         3
   348.97830773305412                         3
   370.91700619703738                         3
   394.17202656885962                         3
   418.82234816299120                         3
   444.95168905277069                         3
   472.64879039593694                         3
   502.00771781969320                         3
   533.12818088887479                         3
   566.11587174220733                         3
   601.08282404673980                         3
   638.14779348954426                         3
   677.43666109891694                         3
   719.08286076485194                         3
   763.22783241074308                         3
   810.02150235538772                         3
   859.62279249671099                         3
   912.20016004651370                         3
   967.93216964930457                         3
   1027.0080998282629                         3
   1089.6285858179588                         3
   1156.0063009670364                         3
   1226.3666790250586                         3
   1300.9486797665622                         3
   1380.0056005525560                         3
   1463.8059365857093                         3
   1552.6342927808519                         3
   1646.7923503477032                         3
   1746.5998913685655                         3
   1852.3958848506795                         3
   1964.5396379417205                         4
   2083.4120162182239                         4
   2209.4167371913172                         4
   2342.9817414227964                         4
   2484.5606459081641                         4
   2634.6342846626540                         4
   2793.7123417424132                         4
   2962.3350822469583                         4
   3141.0751871817761                         4
   3330.5396984126828                         4
   3531.3720803174438                         4
   3744.2544051364907                         4
   3969.9096694446803                         4
   4209.1042496113614                         4
   4462.6505045880431                         4
   4731.4095348633255                         4
   5016.2941069551252                         4
   5318.2717533724335                         4
   5638.3680585747798                         4
   5977.6701420892668                         4
   6337.3303506146231                         4
   6718.5701716515005                         4
   7122.6843819505912                         5
   7551.0454448676273                         5
   8005.1081715596856                         5
   8486.4146618532668                         5
   8996.5995415644629                         5
   9537.3955140583312                         5
   10110.639244901831                         5
   10718.277599595942                         5
   11362.374255571698                         5
   12045.116710906001                         5
   12768.823713560361                         5
   13535.953136373984                         5
   14349.110324556425                         6
   15211.056944029811                         6
   16124.720360671601                         6
   17093.203582311897                         6
   18093.203582311897                         6
   19093.203582311897                         6
   20093.203582311897                         6
   21093.203582311897                         6
   22093.203582311897                         6
   23093.203582311897                         6
   24093.203582311897                         6
   25093.203582311897                         6
   26093.203582311897                         6
   27093.203582311897                         6
   28093.203582311897                         6
   29093.203582311897                         6
   30093.203582311897                         6
   31093.203582311897                         6
   32093.203582311897                         5
   33093.203582311893                         5
   34093.203582311893                         5
   35093.203582311893                         5
   36093.203582311893                         5
   37093.203582311893                         5
   38093.203582311893                         5
   39093.203582311893                         5
   40093.203582311893                         5
   41093.203582311893                         5
   42093.203582311893                         5
   43093.203582311893                         5
   44093.203582311893                         5
   45093.203582311893                         5
   46093.203582311893                         5
   47093.203582311893                         5
   48093.203582311893                         5
   49093.203582311893                         5
   50093.203582311893                         5
   51093.203582311893                         5
   52093.203582311893                         5
   53093.203582311893                         5
   54093.203582311893                         5
   55093.203582311893                         5
   56093.203582311893                         5
   57093.203582311893                         5
   58093.203582311893                         5
   59093.203582311893                         5
   60093.203582311893                         5
   61093.203582311893                         5
   62093.203582311893                         5
   63093.203582311893                         5
   64093.203582311893                         5
   65093.203582311893                         5
   66093.203582311893                         5
   67093.203582311893                         5
   68093.203582311893                         5
   69093.203582311893                         5
   70093.203582311893                         5
   71093.203582311893                         5
   72093.203582311893                         5
   73093.203582311893                         5
   74093.203582311893                         5
   75093.203582311893                         5
   76093.203582311893                         5
   77093.203582311893                         5
   78093.203582311893                         5
   79093.203582311893                         5
   80093.203582311893                         5
   81093.203582311893                         5
   82093.203582311893                         5
   83093.203582311893                         5
   84093.203582311893                         5
   85093.203582311893                         5
   86093.203582311893                         5
   87093.203582311893                         5
   88093.203582311893                         5
   89093.203582311893                         5
   90093.203582311893                         5
   91093.203582311893                         5
   92093.203582311893                         5
   93093.203582311893                         5
   94093.203582311893                         5
   95093.203582311893                         5
   96093.203582311893                         5
   97093.203582311893                         5
   98093.203582311893                         5
   99093.203582311893                         5
   100093.20358231189                         5
   101093.20358231189                         5
   102093.20358231189                         5
   103093.20358231189                         5
   104093.20358231189                         5
   105093.20358231189                         5
   106093.20358231189                         5
   107093.20358231189                         4
   108093.20358231189                         4
   109093.20358231189                         4
   110093.20358231189                         4
   111093.20358231189                         4
   112093.20358231189                         4
   113093.20358231189                         4
   114093.20358231189                         4
   115093.20358231189                         4
   116093.20358231189                         4
   117093.20358231189                         4
   118093.20358231189                         4
   119093.20358231189                         4
   120093.20358231189                         4
   121093.20358231189                         4
   122093.20358231189                         4
   123093.20358231189                         4
   124093.20358231189                         4
   125093.20358231189                         4
   126093.20358231189                         4
   127093.20358231189                         4
   128093.20358231189                         4
   129093.20358231189                         4
   130093.20358231189                         4
   131093.20358231189                         4
   132093.20358231189                         4
   133093.20358231189                         4
   134093.20358231189                         4
   135093.20358231189                         4
   136093.20358231189                         4
   137093.20358231189                         4
   138093.20358231189                         4
   139093.20358231189                         4
   140093.20358231189                         4
   141093.20358231189                         4
   142093.20358231189                         4
   143093.20358231189                         4
   144093.20358231189                         4
   145093.20358231189                         4
   146093.20358231189                         4
   147093.20358231189                         4
   148093.20358231189                         4
   149093.20358231189                         4
   150093.20358231189                         4
   151093.20358231189                         4
   152093.20358231189                         4
   153093.20358231189                         4
   154093.20358231189                         4
   155093.20358231189                         4
   156093.20358231189                         4
   157093.20358231189                         4
   158093.20358231189                         4
   159093.20358231189                         4
   160093.20358231189                         4
   161093.20358231189                         4
   162093.20358231189                         4
   163093.20358231189                         4
   164093.20358231189                         4
   165093.20358231189                         4
   166093.20358231189                         4
   167093.20358231189                         4
   168093.20358231189                         4
   169093.20358231189                         4
   170093.20358231189                         4
   171093.20358231189                         4
   172093.20358231189                         4
   173093.20358231189                         4
   174093.20358231189                         4
   175093.20358231189                         4
   176093.20358231189                         4
   177093.20358231189                         4
   178093.20358231189                         4
   179093.20358231189                         4
   180093.20358231189                         4
   181093.20358231189                         4
   182093.20358231189                         4
   183093.20358231189                         4
   184093.20358231189                         4
   185093.20358231189                         4
   186093.20358231189                         4
   187093.20358231189                         4
   188093.20358231189                         4
   189093.20358231189                         4
   190093.20358231189                         4
   191093.20358231189                         4
   192093.20358231189                         4
   193093.20358231189                         4
   194093.20358231189                         4
   195093.20358231189                         4
   196093.20358231189                         4
   197093.20358231189                         4
   198093.20358231189                         4
   199093.20358231189                         4
   200093.20358231189                         4
   201093.20358231189                         4
   202093.20358231189                         4
   203093.20358231189                         4
   204093.20358231189                         4
   205093.20358231189                         4
   206093.20358231189                         4
   207093.20358231189                         4
   208093.20358231189                         4
   209093.20358231189                         4
   210093.20358231189                         4
   211093.20358231189                         4
   212093.20358231189                         4
   213093.20358231189                         4
   214093.20358231189                         4
   215093.20358231189                         4
   216093.20358231189                         4
   217093.20358231189                         4
   218093.20358231189                         4
   219093.20358231189                         4
   220093.20358231189                         4
   221093.20358231189                         4
   222093.20358231189                         4
   223093.20358231189                         4
   224093.20358231189                         4
   225093.20358231189                         4
   226093.20358231189                         4
   227093.20358231189                         4
   228093.20358231189                         4
   229093.20358231189                         4
   230093.20358231189                         4
   231093.20358231189                         4
   232093.20358231189                         4
   233093.20358231189                         4
   234093.20358231189                         4
   235093.20358231189                         4
   236093.20358231189                         4
   237093.20358231189                         4
   238093.20358231189                         4
   239093.20358231189                         4
   240093.20358231189                         4
   241093.20358231189                         4
   242093.20358231189                         4
   243093.20358231189                         4
   244093.20358231189                         4
   245093.20358231189                         4
   246093.20358231189                         4
   247093.20358231189                         4
   248093.20358231189                         4
   249093.20358231189                         4
   250093.20358231189                         4
   251093.20358231189                         4
   252093.20358231189                         4
   253093.20358231189                         4
   254093.20358231189                         4
   255093.20358231189                         4
   256093.20358231189                         4
   257093.20358231189                         4
   258093.20358231189                         4
   259093.20358231189                         4
   260093.20358231189                         4
   261093.20358231189                         4
   262093.20358231189                         4
   263093.20358231186                         4
   264093.20358231186                         4
   265093.20358231186                         4
   266093.20358231186                         4
   267093.20358231186                         4
   268093.20358231186                         4
   269093.20358231186                         4
   270093.20358231186                         4
   271093.20358231186                         4
   272093.20358231186                         5
   273093.20358231186                         5
   274093.20358231186                         5
   275093.20358231186                         5
   276093.20358231186                         5
   277093.20358231186                         5
   278093.20358231186                         5
   279093.20358231186                         5
   280093.20358231186                         5
   281093.20358231186                         5
   282093.20358231186                         5
   283093.20358231186                         5
   284093.20358231186                         5
   285093.20358231186                         5
   286093.20358231186                         5
   287093.20358231186                         5
   288093.20358231186                         5
   289093.20358231186                         5
   290093.20358231186                         5
   291093.20358231186                         5
   292093.20358231186                         5
   293093.20358231186                         5
   294093.20358231186                         5
   295093.20358231186                         5
   296093.20358231186                         5
   297093.20358231186                         5
   298093.20358231186                         5
   299093.20358231186                         5
   300093.20358231186                         5
   301093.20358231186                         5
   302093.20358231186                         5
   303093.20358231186                         5
   304093.20358231186                         5
   305093.20358231186                         5
   306093.20358231186                         5
   307093.20358231186                         5
   308093.20358231186                         5
   309093.20358231186                         5
   310093.20358231186                         5
   311093.20358231186                         5
   312093.20358231186                         5
   313093.20358231186                         5
   314093.20358231186                         5
   315093.20358231186                         5
   316093.20358231186                         5
   317093.20358231186                         5
   318093.20358231186                         5
   319093.20358231186                         5
   320093.20358231186                         5
   321093.20358231186                         5
   322093.20358231186                         5
   323093.20358231186                         5
   324093.20358231186                         5
   325093.20358231186                         5
   326093.20358231186                         5
   327093.20358231186                         5
   328093.20358231186                         5
   329093.20358231186                         5
   330093.20358231186                         5
   331093.20358231186                         5
   332093.20358231186                         5
   333093.20358231186                         5
   334093.20358231186                         5
   335093.20358231186                         5
   336093.20358231186                         5
   337093.20358231186                         5
   338093.20358231186                         5
   339093.20358231186                         5
   340093.20358231186                         5
   341093.20358231186                         5
   342093.20358231186                         5
   343093.20358231186                         5
   344093.20358231186                         5
   345093.20358231186                         5
   346093.20358231186                         5
   347093.20358231186                         5
   348093.20358231186                         5
   349093.20358231186                         5
   350093.20358231186                         5
   351093.20358231186                         5
   352093.20358231186                         5
   353093.20358231186                         5
   354093.20358231186                         5
   355093.20358231186                         5
   356093.20358231186                         5
   357093.20358231186                         5
   358093.20358231186                         5
   359093.20358231186                         5
   360093.20358231186                         5
   361093.20358231186                         5
   362093.20358231186                         5
   363093.20358231186                         5
   364093.20358231186                         5
   365093.20358231186                         5
   366093.20358231186                         5
   367093.20358231186                         5
   368093.20358231186                         5
   369093.20358231186                         5
   370093.20358231186                         5
   371093.20358231186                         5
   372093.20358231186                         5
   373093.20358231186                         5
   374093.20358231186                         5
   375093.20358231186                         5
   376093.20358231186                         5
   377093.20358231186                         5
   378093.20358231186                         5
   379093.20358231186                         5
   380093.20358231186                         5
   381093.20358231186                         5
   382093.20358231186                         5
   383093.20358231186                         5
   384093.20358231186                         5
   385093.20358231186                         5
   386093.20358231186                         5
   387093.20358231186                         5
   388093.20358231186                         5
   389093.20358231186                         6
   390093.20358231186                         6
   391093.20358231186                         6
   392093.20358231186                         6
   393093.20358231186                         6
   394093.20358231186                         6
   395093.20358231186                         6
   396093.20358231186                         6
   397093.20358231186                         6
   398093.20358231186                         6
   399093.20358231186                         6
   400093.20358231186                         6
   401093.20358231186                         6
   402093.20358231186                         6
   403093.20358231186                         6
   404093.20358231186                         6
   405093.20358231186                         6
   406093.20358231186                         6
   407093.20358231186                         6
   408093.20358231186                         6
   409093.20358231186                         6
   410093.20358231186                         6
   411093.20358231186                         6
   412093.20358231186                         6
   413093.20358231186                         6
   414093.20358231186                         6
   415093.20358231186                         6
   416093.20358231186                         6
   417093.20358231186                         6
   418093.20358231186                         6
   419093.20358231186                         6
   420093.20358231186                         6
   421093.20358231186                         6
   422093.20358231186                         6
   423093.20358231186                         6
   424093.20358231186                         6
   425093.20358231186                         6
   426093.20358231186                         6
   427093.20358231186                         6
   428093.20358231186                         6
   429093.20358231186                         6
   430093.20358231186                         6
   431093.20358231186                         6
   432093.20358231186                         6
   433093.20358231186                         6
   434093.20358231186                         6
   435093.20358231186                         6
   436093.20358231186                         6
   437093.20358231186                         7
   438093.20358231186                         7
   439093.20358231186                         7
   440093.20358231186                         7
   441093.20358231186                         7
   442093.20358231186                         7
   443093.20358231186                         7
   444093.20358231186                         7
   445093.20358231186                         7
   446093.20358231186                         7
   447093.20358231186                         7
   448093.20358231186                         7
   449093.20358231186                         7
   450093.20358231186                         7
   451093.20358231186                         7
   452093.20358231186                         7
   453093.20358231186                         7
   454093.20358231186                         7
   455093.20358231186                         7
   456093.20358231186                         7
   457093.20358231186                         7
   458093.20358231186                         7
   459093.20358231186                         7
   460093.20358231186                         7
   461093.20358231186                         7
   462093.20358231186                         7
   463093.20358231186                         7
   464093.20358231186                         7
   465093.20358231186                         7
   466093.20358231186                         7
   467093.20358231186                         7
   468093.20358231186                         7
   469093.20358231186                         7
   470093.20358231186                         7
   471093.20358231186                         7
   472093.20358231186                         8
   473093.20358231186                         8
   474093.20358231186                         8
   475093.20358231186                         8
   476093.20358231186                         8
   477093.20358231186                         8
   478093.20358231186                         8
   479093.20358231186                         8
   480093.20358231186                         8
   481093.20358231186                         8
   482093.20358231186                         8
   483093.20358231186                         8
   484093.20358231186                         8
   485093.20358231186                         8
   486093.20358231186                         8
   487093.20358231186                         8
   488093.20358231186                         8
   489093.20358231186                         8
   490093.20358231186                         8
   491093.20358231186                         8
   492093.20358231186                         8
   493093.20358231186                         8
   494093.20358231186                         8
   495093.20358231186                         8
   496093.20358231186                         8
   497093.20358231186                         8
   498093.20358231186                         8
   499093.20358231186                         8
   500093.20358231186                         8
   501093.20358231186                         8
   502093.20358231186                         8
   503093.20358231186                         8
   504093.20358231186                         8
   505093.20358231186                         8
   506093.20358231186                         8
   507093.20358231186                         9
   508093.20358231186                         9
   509093.20358231186                         9
   510093.20358231186                         9
   511093.20358231186                         9
   512093.20358231186                         9
   513093.20358231186                         9
   514093.20358231186                         9
   515093.20358231186                         9
   516093.20358231186                         9
   517093.20358231186                         9
   518093.20358231186                         9
   519093.20358231186                         9
   520093.20358231186                         9
   521093.20358231186                         9
   522093.20358231186                         9
   523093.20358231186                         9
   524093.20358231186                         9
   525093.20358231186                         9
   526093.20358231186                         9
   527093.20358231186                         9
   528093.20358231186                         9
   529093.20358231186                         9
   530093.20358231186                         9
   531093.20358231186                         9
   532093.20358231186                         9
   533093.20358231186                         9
   534093.20358231186                         9
   535093.20358231186                         9
   536093.20358231186                         9
   537093.20358231186                         9
   538093.20358231186                         9
   539093.20358231186                         9
   540093.20358231186                         9
   541093.20358231186                         9
   542093.20358231186                         9
   543093.20358231186                         9
   544093.20358231186                         9
   545093.20358231186                        10
   546093.20358231186                        10
   547093.20358231186                        10
   548093.20358231186                        10
   549093.20358231186                        10
   550093.20358231186                        10
   551093.20358231186                        10
   552093.20358231186                        10
   553093.20358231186                        10
   554093.20358231186                        10
   555093.20358231186                        10
   556093.20358231186                        10
   557093.20358231186                        10
   558093.20358231186                        10
   559093.20358231186                        10
   560093.20358231186                        10
   561093.20358231186                        10
   562093.20358231186                        10
   563093.20358231186                        10
   564093.20358231186                        10
   565093.20358231186                        10
   566093.20358231186                        10
   567093.20358231186                        10
   568093.20358231186                        10
   569093.20358231186                        10
   570093.20358231186                        10
   571093.20358231186                        10
   572093.20358231186                        10
   573093.20358231186                        10
   574093.20358231186                        10
   575093.20358231186                        10
   576093.20358231186                        10
   577093.20358231186                        10
   578093.20358231186                        10
   579093.20358231186                        10
   580093.20358231186                        10
   581093.20358231186                        10
   582093.20358231186                        10
   583093.20358231186                        10
   584093.20358231186                        10
   585093.20358231186                        10
   586093.20358231186                        10
   587093.20358231186                        11
   588093.20358231186                        11
   589093.20358231186                        11
   590093.20358231186                        11
   591093.20358231186                        11
   592093.20358231186                        11
   593093.20358231186                        11
   594093.20358231186                        11
   595093.20358231186                        11
   596093.20358231186                        11
   597093.20358231186                        11
   598093.20358231186                        11
   599093.20358231186                        11
   600093.20358231186                        11
   601093.20358231186                        11
   602093.20358231186                        11
   603093.20358231186                        11
   604093.20358231186                        11
   605093.20358231186                        11
   606093.20358231186                        11
   607093.20358231186                        11
   608093.20358231186                        11
   609093.20358231186                        11
   610093.20358231186                        11
   611093.20358231186                        11
   612093.20358231186                        11
   613093.20358231186                        11
   614093.20358231186                        11
   615093.20358231186                        11
   616093.20358231186                        11
   617093.20358231186                        11
   618093.20358231186                        11
   619093.20358231186                        11
   620093.20358231186                        11
   621093.20358231186                        11
   622093.20358231186                        11
   623093.20358231186                        11
   624093.20358231186                        11
   625093.20358231186                        11
   626093.20358231186                        11
   627093.20358231186                        11
   628093.20358231186                        11
   629093.20358231186                        11
   630093.20358231186                        11
   631093.20358231186                        11
   632093.20358231186                        11
   633093.20358231186                        11
   634093.20358231186                        11
   635093.20358231186                        11
   636093.20358231186                        12
   637093.20358231186                        12
   638093.20358231186                        12
   639093.20358231186                        12
   640093.20358231186                        12
   641093.20358231186                        12
   642093.20358231186                        12
   643093.20358231186                        12
   644093.20358231186                        12
   645093.20358231186                        12
   646093.20358231186                        12
   647093.20358231186                        12
   648093.20358231186                        12
   649093.20358231186                        12
   650093.20358231186                        12
   651093.20358231186                        12
   652093.20358231186                        12
   653093.20358231186                        12
   654093.20358231186                        12
   655093.20358231186                        12
   656093.20358231186                        12
   657093.20358231186                        12
   658093.20358231186                        12
   659093.20358231186                        12
   660093.20358231186                        12
   661093.20358231186                        12
   662093.20358231186                        12
   663093.20358231186                        12
   664093.20358231186                        12
   665093.20358231186                        12
   666093.20358231186                        12
   667093.20358231186                        12
   668093.20358231186                        12
   669093.20358231186                        12
   670093.20358231186                        12
   671093.20358231186                        12
   672093.20358231186                        12
   673093.20358231186                        12
   674093.20358231186                        12
   675093.20358231186                        12
   676093.20358231186                        12
   677093.20358231186                        12
   678093.20358231186                        12
   679093.20358231186                        12
   680093.20358231186                        12
   681093.20358231186                        12
   682093.20358231186                        12
   683093.20358231186                        12
   684093.20358231186                        12
   685093.20358231186                        12
   686093.20358231186                        12
   687093.20358231186                        12
   688093.20358231186                        12
   689093.20358231186                        12
   690093.20358231186                        12
   691093.20358231186                        12
   692093.20358231186                        12
   693093.20358231186                        12
   694093.20358231186                        12
   695093.20358231186                        12
   696093.20358231186                        12
   697093.20358231186                        12
   698093.20358231186                        12
   699093.20358231186                        12
   700093.20358231186                        13
   701093.20358231186                        13
   702093.20358231186                        13
   703093.20358231186                        13
   704093.20358231186                        13
   705093.20358231186                        13
   706093.20358231186                        13
   707093.20358231186                        13
   708093.20358231186                        13
   709093.20358231186                        13
   710093.20358231186                        13
   711093.20358231186                        13
   712093.20358231186                        13
   713093.20358231186                        13
   714093.20358231186                        13
   715093.20358231186                        13
   716093.20358231186                        13
   717093.20358231186                        13
   718093.20358231186                        13
   719093.20358231186                        13
   720093.20358231186                        13
   721093.20358231186                        13
   722093.20358231186                        13
   723093.20358231186                        13
   724093.20358231186                        13
   725093.20358231186                        13
   726093.20358231186                        13
   727093.20358231186                        13
   728093.20358231186                        13
   729093.20358231186                        13
   730093.20358231186                        13
   731093.20358231186                        13
   732093.20358231186                        13
   733093.20358231186                        13
   734093.20358231186                        13
   735093.20358231186                        13
   736093.20358231186                        13
   737093.20358231186                        13
   738093.20358231186                        13
   739093.20358231186                        13
   740093.20358231186                        13
   741093.20358231186                        13
   742093.20358231186                        13
   743093.20358231186                        13
   744093.20358231186                        13
   745093.20358231186                        13
   746093.20358231186                        13
   747093.20358231186                        13
   748093.20358231186                        13
   749093.20358231186                        13
   750093.20358231186                        13
   751093.20358231186                        13
   752093.20358231186                        13
   753093.20358231186                        13
   754093.20358231186                        13
   755093.20358231186                        13
   756093.20358231186                        13
   757093.20358231186                        13
   758093.20358231186                        13
   759093.20358231186                        13
   760093.20358231186                        13
   761093.20358231186                        13
   762093.20358231186                        13
   763093.20358231186                        13
   764093.20358231186                        13
   765093.20358231186                        13
   766093.20358231186                        13
   767093.20358231186                        13
   768093.20358231186                        13
   769093.20358231186                        13
   770093.20358231186                        13
   771093.20358231186                        13
   772093.20358231186                        13
   773093.20358231186                        13
   774093.20358231186                        13
   775093.20358231186                        13
   776093.20358231186                        13
   777093.20358231186                        13
   778093.20358231186                        13
   779093.20358231186                        13
   780093.20358231186                        13
   781093.20358231186                        13
   782093.20358231186                        13
   783093.20358231186                        13
   784093.20358231186                        13
   785093.20358231186                        13
   786093.20358231186                        13
   787093.20358231186                        13
   788093.20358231186                        13
   789093.20358231186                        13
   790093.20358231186                        13
   791093.20358231186                        13
   792093.20358231186                        13
   793093.20358231186                        13
   794093.20358231186                        13
   795093.20358231186                        13
   796093.20358231186                        13
   797093.20358231186                        13
   798093.20358231186                        13
   799093.20358231186                        13
   800093.20358231186                        13
   801093.20358231186                        13
   802093.20358231186                        13
   803093.20358231186                        13
   804093.20358231186                        13
   805093.20358231186                        13
   806093.20358231186                        13
   807093.20358231186                        13
   808093.20358231186                        13
   809093.20358231186                        13
   810093.20358231186                        13
   811093.20358231186                        13
   812093.20358231186                        13
   813093.20358231186                        13
   814093.20358231186                        13
   815093.20358231186                        13
   816093.20358231186                        13
   817093.20358231186                        13
   818093.20358231186                        13
   819093.20358231186                        13
   820093.20358231186                        13
   821093.20358231186                        13
   822093.20358231186                        13
   823093.20358231186                        13
   824093.20358231186                        13
   825093.20358231186                        13
   826093.20358231186                        13
   827093.20358231186                        13
   828093.20358231186                        13
   829093.20358231186                        12
   830093.20358231186                        12
   831093.20358231186                        12
   832093.20358231186                        12
   833093.20358231186                        12
   834093.20358231186                        12
   835093.20358231186                        12
   836093.20358231186                        12
   837093.20358231186                        12
   838093.20358231186                        12
   839093.20358231186                        12
   840093.20358231186                        12
   841093.20358231186                        12
   842093.20358231186                        12
   843093.20358231186                        12
   844093.20358231186                        12
   845093.20358231186                        12
   846093.20358231186                        12
   847093.20358231186                        12
   848093.20358231186                        12
   849093.20358231186                        12
   850093.20358231186                        12
   851093.20358231186                        11
   852093.20358231186                        11
   853093.20358231186                        11
   854093.20358231186                        11
   855093.20358231186                        11
   856093.20358231186                        11
   857093.20358231186                        11
   858093.20358231186                        10
   859093.20358231186                        10
   860093.20358231186                        10
   861093.20358231186                        10
   862093.20358231186                         9
   863093.20358231186                         7
   864093.20358231186                         8
   865093.20358231186                         9
   866093.20358231186                        10
   867093.20358231186                        10
   868093.20358231186                        10
   869093.20358231186                        11
   870093.20358231186                        11
   871093.20358231186                        11
   872093.20358231186                        11
   873093.20358231186                        11
   874093.20358231186                        11
   875093.20358231186                        11
   876093.20358231186                        12
   877093.20358231186                        12
   878093.20358231186                        12
   879093.20358231186                        12
   880093.20358231186                        12
   881093.20358231186                        12
   882093.20358231186                        12
   883093.20358231186                        12
   884093.20358231186                        12
   885093.20358231186                        12
   886093.20358231186                        12
   887093.20358231186                        12
   888093.20358231186                        12
   889093.20358231186                        12
   890093.20358231186                        13
   891093.20358231186                        13
   892093.20358231186                        13
   893093.20358231186                        13
   894093.20358231186                        13
   895093.20358231186                        13
   896093.20358231186                        13
   897093.20358231186                        13
   898093.20358231186                        13
   899093.20358231186                        13
   900093.20358231186                        13
   901093.20358231186                        13
   902093.20358231186                        13
   903093.20358231186                        13
   904093.20358231186                        13
   905093.20358231186                        13
   906093.20358231186                        13
   907093.20358231186                        13
   908093.20358231186                        13
   909093.20358231186                        13
   910093.20358231186                        13
   911093.20358231186                        13
   912093.20358231186                        13
   913093.20358231186                        13
   914093.20358231186                        13
   915093.20358231186                        13
   916093.20358231186                        13
   917093.20358231186                        14
   918093.20358231186                        14
   919093.20358231186                        14
   920093.20358231186                        14
   921093.20358231186                        14
   922093.20358231186                        14
   923093.20358231186                        14
   924093.20358231186                        14
   925093.20358231186                        14
   926093.20358231186                        14
   927093.20358231186                        14
   928093.20358231186                        14
   929093.20358231186                        14
   930093.20358231186                        14
   931093.20358231186                        14
   932093.20358231186                        14
   933093.20358231186                        14
   934093.20358231186                        14
   935093.20358231186                        14
   936093.20358231186                        14
   937093.20358231186                        14
   938093.20358231186                        14
   939093.20358231186                        14
   940093.20358231186                        14
   941093.20358231186                        14
   942093.20358231186                        14
   943093.20358231186                        14
   944093.20358231186                        14
   945093.20358231186                        14
   946093.20358231186                        14
   947093.20358231186                        14
   948093.20358231186                        14
   949093.20358231186                        14
   950093.20358231186                        14
   951093.20358231186                        14
   952093.20358231186                        14
   953093.20358231186                        14
   954093.20358231186                        14
   955093.20358231186                        14
   956093.20358231186                        14
   957093.20358231186                        14
   958093.20358231186                        14
   959093.20358231186                        14
   960093.20358231186                        14
   961093.20358231186                        14
   962093.20358231186                        14
   963093.20358231186                        14
   964093.20358231186                        14
   965093.20358231186                        14
   966093.20358231186                        15
   967093.20358231186                        15
   968093.20358231186                        15
   969093.20358231186                        15
   970093.20358231186                        15
   971093.20358231186                        15
   972093.20358231186                        15
   973093.20358231186                        15
   974093.20358231186                        15
   975093.20358231186                        15
   976093.20358231186                        15
   977093.20358231186                        15
   978093.20358231186                        15
   979093.20358231186                        15
   980093.20358231186                        15
   981093.20358231186                        15
   982093.20358231186                        15
   983093.20358231186                        15
   984093.20358231186                        15
   985093.20358231186                        15
   986093.20358231186                        15
   987093.20358231186                        15
   988093.20358231186                        15
   989093.20358231186                        15
   990093.20358231186                        15
   991093.20358231186                        15
   992093.20358231186                        15
   993093.20358231186                        15
   994093.20358231186                        15
   995093.20358231186                        15
   996093.20358231186                        15
   997093.20358231186                        15
   998093.20358231186                        15
   999093.20358231186                        15
   1000093.2035823119                        15
   1001093.2035823119                        15
   1002093.2035823119                        15
   1003093.2035823119                        15
   1004093.2035823119                        15
   1005093.2035823119                        15
   1006093.2035823119                        15
   1007093.2035823119                        15
   1008093.2035823119                        15
   1009093.2035823119                        15
   1010093.2035823119                        15
   1011093.2035823119                        15
   1012093.2035823119                        15
   1013093.2035823119                        15
   1014093.2035823119                        15
   1015093.2035823119                        15
   1016093.2035823119                        15
   1017093.2035823119                        15
   1018093.2035823119                        15
   1019093.2035823119                        15
   1020093.2035823119                        15
   1021093.2035823119                        15
   1022093.2035823119                        15
   1023093.2035823119                        15
   1024093.2035823119                        15
   1025093.2035823119                        15
   1026093.2035823119                        15
   1027093.2035823119                        15
   1028093.2035823119                        15
   1029093.2035823119                        15
   1030093.2035823119                        15
   1031093.2035823119                        15
   1032093.2035823119                        15
   1033093.2035823119                        15
   1034093.2035823119                        15
   1035093.2035823119                        15
   1036093.2035823119                        15
   1037093.2035823119                        15
   1038093.2035823119                        15
   1039093.2035823119                        15
   1040093.2035823119                        15
   1041093.2035823119                        15
   1042093.2035823119                        15
   1043093.2035823119                        15
   1044093.2035823119                        15
   1045093.2035823119                        15
   1046093.2035823119                        15
   1047093.2035823119                        15
   1048093.2035823119                        15
   1049093.2035823120                        15
   1050093.2035823120                        15
   1051093.2035823120                        15
   1052093.2035823120                        15
   1053093.2035823120                        15
   1054093.2035823120                        16
   1055093.2035823120                        16
   1056093.2035823120                        16
   1057093.2035823120                        16
   1058093.2035823120                        16
   1059093.2035823120                        16
   1060093.2035823120                        16
   1061093.2035823120                        16
   1062093.2035823120                        16
   1063093.2035823120                        16
   1064093.2035823120                        16
   1065093.2035823120                        16
   1066093.2035823120                        16
   1067093.2035823120                        16
   1068093.2035823120                        16
   1069093.2035823120                        16
   1070093.2035823120                        16
   1071093.2035823120                        16
   1072093.2035823120                        16
   1073093.2035823120                        16
   1074093.2035823120                        16
   1075093.2035823120                        16
   1076093.2035823120                        16
   1077093.2035823120                        16
   1078093.2035823120                        16
   1079093.2035823120                        16
   1080093.2035823120                        16
   1081093.2035823120                        16
   1082093.2035823120                        16
   1083093.2035823120                        16
   1084093.2035823120                        16
   1085093.2035823120                        16
   1086093.2035823120                        16
   1087093.2035823120                        16
   1088093.2035823120                        16
   1089093.2035823120                        16
   1090093.2035823120                        16
   1091093.2035823120                        16
   1092093.2035823120                        16
   1093093.2035823120                        16
   1094093.2035823120                        16
   1095093.2035823120                        16
   1096093.2035823120                        16
   1097093.2035823120                        16
   1098093.2035823120                        16
   1099093.2035823120                        16
   1100093.2035823120                        16
   1101093.2035823120                        16
   1102093.2035823120                        16
   1103093.2035823120                        16
   1104093.2035823120                        16
   1105093.2035823120                        16
   1106093.2035823120                        16
   1107093.2035823120                        16
   1108093.2035823120                        16
   1109093.2035823120                        16
   1110093.2035823120                        16
   1111093.2035823120                        16
   1112093.2035823120                        16
   1113093.2035823120                        16
   1114093.2035823120                        16
   1115093.2035823120                        16
   1116093.2035823120                        16
   1117093.2035823120                        16
   1118093.2035823120                        16
   1119093.2035823120                        16
   1120093.2035823120                        16
   1121093.2035823120                        16
   1122093.2035823120                        16
   1123093.2035823120                        16
   1124093.2035823120                        16
   1125093.2035823120                        16
   1126093.2035823120                        16
   1127093.2035823120                        16
   1128093.2035823120                        16
   1129093.2035823120                        16
   1130093.2035823120                        16
   1131093.2035823120                        16
   1132093.2035823120                        16
   1133093.2035823120                        16
   1134093.2035823120                        16
   1135093.2035823120                        16
   1136093.2035823120                        16
   1137093.2035823120                        16
   1138093.2035823120                        16
   1139093.2035823120                        16
   1140093.2035823120                        16
   1141093.2035823120                        16
   1142093.2035823120                        16
   1143093.2035823120                        16
   1144093.2035823120                        16
   1145093.2035823120                        16
   1146093.2035823120                        16
   1147093.2035823120                        16
   1148093.2035823120                        16
   1149093.2035823120                        16
   1150093.2035823120                        16
   1151093.2035823120                        16
   1152093.2035823120                        16
   1153093.2035823120                        16
   1154093.2035823120                        16
   1155093.2035823120                        16
   1156093.2035823120                        16
   1157093.2035823120                        16
   1158093.2035823120                        16
   1159093.2035823120                        16
   1160093.2035823120                        16
   1161093.2035823120                        16
   1162093.2035823120                        16
   1163093.2035823120                        16
   1164093.2035823120                        16
   1165093.2035823120                        16
   1166093.2035823120                        16
   1167093.2035823120                        16
   1168093.2035823120                        16
   1169093.2035823120                        16
   1170093.2035823120                        16
   1171093.2035823120                        16
   1172093.2035823120                        16
   1173093.2035823120                        16
   1174093.2035823120                        16
   1175093.2035823120                        16
   1176093.2035823120                        16
   1177093.2035823120                        16
   1178093.2035823120                        16
   1179093.2035823120                        16
   1180093.2035823120                        16
   1181093.2035823120                        16
   1182093.2035823120                        16
   1183093.2035823120                        16
   1184093.2035823120                        16
   1185093.2035823120                        16
   1186093.2035823120                        16
   1187093.2035823120                        16
   1188093.2035823120                        16
   1189093.2035823120                        16
   1190093.2035823120                        16
   1191093.2035823120                        16
   1192093.2035823120                        16
   1193093.2035823120                        16
   1194093.2035823120                        16
   1195093.2035823120                        16
   1196093.2035823120                        16
   1197093.2035823120                        16
   1198093.2035823120                        16
   1199093.2035823120                        16
   1200093.2035823120                        16
   1201093.2035823120                        16
   1202093.2035823120                        16
   1203093.2035823120                        16
   1204093.2035823120                        16
   1205093.2035823120                        16
   1206093.2035823120                        16
   1207093.2035823120                        16
   1208093.2035823120                        16
   1209093.2035823120                        16
