   0.0000000000000000                         3
   1.0000000000000000                         2
   2.0600000000000001                         2
   3.1836000000000002                         2
   4.3746160000000005                         2
   5.6370929600000004                         2
   6.9753185376000006                         2
   8.3938376498560014                         2
   9.8974679088473625                         2
   11.491315983378204                         2
   13.180794942380897                         2
   14.971642638923752                         2
   16.869941197259177                         2
   18.882137669094728                         2
   21.015065929240414                         2
   23.275969884994840                         2
   25.672528078094530                         2
   28.212879762780204                         3
   30.905652548547017                         3
   33.759991701459839                         3
   36.785591203547433                         3
   39.992726675760281                         3
   43.392290276305900                         3
   46.995827692884255                         3
   50.815577354457311                         3
   54.864511995724754                         3
   59.156382715468240                         3
   63.705765678396340                         3
   68.528111619100116                         3
   73.639798316246129                         3
   79.058186215220900                         3
   84.801677388134152                         3
   90.889778031422210                         3
   97.343164713307544                         3
   104.18375459610600                         3
   111.43477987187237                         3
   119.12086666418472                         3
   127.26811866403581                         3
   135.90420578387796                         3
   145.05845813091065                         3
   154.76196561876529                         3
   165.04768355589121                         3
   175.95054456924470                         3
   187.50757724339940                         3
   199.75803187800338                         3
   212.74351379068358                         3
   226.50812461812461                         3
   241.09861209521210                         3
   256.56452882092486                         3
   272.95840055018039                         3
   290.33590458319122                         3
   308.75605885818271                         3
   328.28142238967371                         3
   348.97830773305412                         3
   370.91700619703738                         3
   394.17202656885962                         3
   418.82234816299120                         3
   444.95168905277069                         4
   472.64879039593694                         4
   502.00771781969320                         4
   533.12818088887479                         4
   566.11587174220733                         4
   601.08282404673980                         4
   638.14779348954426                         4
   677.43666109891694                         4
   719.08286076485194                         4
   763.22783241074308                         4
   810.02150235538772                         4
   859.62279249671099                         4
   912.20016004651370                         4
   967.93216964930457                         4
   1027.0080998282629                         4
   1089.6285858179588                         4
   1156.0063009670364                         4
   1226.3666790250586                         4
   1300.9486797665622                         4
   1380.0056005525560                         4
   1463.8059365857093                         4
   1552.6342927808519                         5
   1646.7923503477032                         5
   1746.5998913685655                         5
   1852.3958848506795                         5
   1964.5396379417205                         5
   2083.4120162182239                         5
   2209.4167371913172                         5
   2342.9817414227964                         5
   2484.5606459081641                         5
   2634.6342846626540                         5
   2793.7123417424132                         5
   2962.3350822469583                         5
   3141.0751871817761                         5
   3330.5396984126828                         5
   3531.3720803174438                         5
   3744.2544051364907                         5
   3969.9096694446803                         5
   4209.1042496113614                         5
   4462.6505045880431                         5
   4731.4095348633255                         5
   5016.2941069551252                         6
   5318.2717533724335                         6
   5638.3680585747798                         6
   5977.6701420892668                         6
   6337.3303506146231                         6
   6718.5701716515005                         6
   7122.6843819505912                         6
   7551.0454448676273                         6
   8005.1081715596856                         6
   8486.4146618532668                         6
   8996.5995415644629                         6
   9537.3955140583312                         6
   10110.639244901831                         6
   10718.277599595942                         6
   11362.374255571698                         6
   12045.116710906001                         6
   12768.823713560361                         6
   13535.953136373984                         7
   14349.110324556425                         7
   15211.056944029811                         7
   16124.720360671601                         7
   17093.203582311897                         7
   18093.203582311897                         7
   19093.203582311897                         7
   20093.203582311897                         7
   21093.203582311897                         7
   22093.203582311897                         7
   23093.203582311897                         7
   24093.203582311897                         7
   25093.203582311897                         7
   26093.203582311897                         7
   27093.203582311897                         7
   28093.203582311897                         7
   29093.203582311897                         7
   30093.203582311897                         7
   31093.203582311897                         7
   32093.203582311897                         7
   33093.203582311893                         7
   34093.203582311893                         7
   35093.203582311893                         7
   36093.203582311893                         7
   37093.203582311893                         7
   38093.203582311893                         7
   39093.203582311893                         7
   40093.203582311893                         7
   41093.203582311893                         7
   42093.203582311893                         7
   43093.203582311893                         7
   44093.203582311893                         6
   45093.203582311893                         6
   46093.203582311893                         6
   47093.203582311893                         6
   48093.203582311893                         6
   49093.203582311893                         6
   50093.203582311893                         6
   51093.203582311893                         6
   52093.203582311893                         6
   53093.203582311893                         6
   54093.203582311893                         6
   55093.203582311893                         6
   56093.203582311893                         6
   57093.203582311893                         6
   58093.203582311893                         6
   59093.203582311893                         6
   60093.203582311893                         6
   61093.203582311893                         6
   62093.203582311893                         6
   63093.203582311893                         6
   64093.203582311893                         6
   65093.203582311893                         6
   66093.203582311893                         6
   67093.203582311893                         6
   68093.203582311893                         6
   69093.203582311893                         6
   70093.203582311893                         6
   71093.203582311893                         6
   72093.203582311893                         6
   73093.203582311893                         6
   74093.203582311893                         6
   75093.203582311893                         6
   76093.203582311893                         6
   77093.203582311893                         6
   78093.203582311893                         6
   79093.203582311893                         6
   80093.203582311893                         6
   81093.203582311893                         6
   82093.203582311893                         6
   83093.203582311893                         6
   84093.203582311893                         6
   85093.203582311893                         6
   86093.203582311893                         6
   87093.203582311893                         6
   88093.203582311893                         6
   89093.203582311893                         6
   90093.203582311893                         6
   91093.203582311893                         6
   92093.203582311893                         6
   93093.203582311893                         6
   94093.203582311893                         6
   95093.203582311893                         6
   96093.203582311893                         6
   97093.203582311893                         6
   98093.203582311893                         6
   99093.203582311893                         6
   100093.20358231189                         6
   101093.20358231189                         6
   102093.20358231189                         6
   103093.20358231189                         6
   104093.20358231189                         6
   105093.20358231189                         6
   106093.20358231189                         6
   107093.20358231189                         6
   108093.20358231189                         6
   109093.20358231189                         6
   110093.20358231189                         6
   111093.20358231189                         6
   112093.20358231189                         6
   113093.20358231189                         6
   114093.20358231189                         6
   115093.20358231189                         6
   116093.20358231189                         6
   117093.20358231189                         6
   118093.20358231189                         6
   119093.20358231189                         6
   120093.20358231189                         6
   121093.20358231189                         5
   122093.20358231189                         5
   123093.20358231189                         5
   124093.20358231189                         5
   125093.20358231189                         5
   126093.20358231189                         5
   127093.20358231189                         5
   128093.20358231189                         5
   129093.20358231189                         5
   130093.20358231189                         5
   131093.20358231189                         5
   132093.20358231189                         5
   133093.20358231189                         5
   134093.20358231189                         5
   135093.20358231189                         5
   136093.20358231189                         5
   137093.20358231189                         5
   138093.20358231189                         5
   139093.20358231189                         5
   140093.20358231189                         5
   141093.20358231189                         5
   142093.20358231189                         5
   143093.20358231189                         5
   144093.20358231189                         5
   145093.20358231189                         5
   146093.20358231189                         5
   147093.20358231189                         5
   148093.20358231189                         5
   149093.20358231189                         5
   150093.20358231189                         5
   151093.20358231189                         5
   152093.20358231189                         5
   153093.20358231189                         5
   154093.20358231189                         5
   155093.20358231189                         5
   156093.20358231189                         5
   157093.20358231189                         5
   158093.20358231189                         5
   159093.20358231189                         5
   160093.20358231189                         5
   161093.20358231189                         5
   162093.20358231189                         5
   163093.20358231189                         5
   164093.20358231189                         5
   165093.20358231189                         5
   166093.20358231189                         5
   167093.20358231189                         5
   168093.20358231189                         5
   169093.20358231189                         5
   170093.20358231189                         5
   171093.20358231189                         5
   172093.20358231189                         5
   173093.20358231189                         5
   174093.20358231189                         5
   175093.20358231189                         5
   176093.20358231189                         5
   177093.20358231189                         5
   178093.20358231189                         5
   179093.20358231189                         5
   180093.20358231189                         5
   181093.20358231189                         5
   182093.20358231189                         5
   183093.20358231189                         5
   184093.20358231189                         5
   185093.20358231189                         5
   186093.20358231189                         5
   187093.20358231189                         5
   188093.20358231189                         5
   189093.20358231189                         5
   190093.20358231189                         5
   191093.20358231189                         5
   192093.20358231189                         5
   193093.20358231189                         5
   194093.20358231189                         5
   195093.20358231189                         5
   196093.20358231189                         5
   197093.20358231189                         5
   198093.20358231189                         5
   199093.20358231189                         5
   200093.20358231189                         5
   201093.20358231189                         5
   202093.20358231189                         5
   203093.20358231189                         5
   204093.20358231189                         5
   205093.20358231189                         4
   206093.20358231189                         4
   207093.20358231189                         4
   208093.20358231189                         4
   209093.20358231189                         4
   210093.20358231189                         4
   211093.20358231189                         4
   212093.20358231189                         4
   213093.20358231189                         4
   214093.20358231189                         4
   215093.20358231189                         4
   216093.20358231189                         4
   217093.20358231189                         4
   218093.20358231189                         4
   219093.20358231189                         4
   220093.20358231189                         4
   221093.20358231189                         4
   222093.20358231189                         4
   223093.20358231189                         4
   224093.20358231189                         4
   225093.20358231189                         4
   226093.20358231189                         4
   227093.20358231189                         4
   228093.20358231189                         4
   229093.20358231189                         4
   230093.20358231189                         4
   231093.20358231189                         4
   232093.20358231189                         4
   233093.20358231189                         4
   234093.20358231189                         4
   235093.20358231189                         4
   236093.20358231189                         4
   237093.20358231189                         4
   238093.20358231189                         4
   239093.20358231189                         4
   240093.20358231189                         4
   241093.20358231189                         4
   242093.20358231189                         4
   243093.20358231189                         4
   244093.20358231189                         4
   245093.20358231189                         4
   246093.20358231189                         4
   247093.20358231189                         4
   248093.20358231189                         4
   249093.20358231189                         4
   250093.20358231189                         4
   251093.20358231189                         4
   252093.20358231189                         4
   253093.20358231189                         4
   254093.20358231189                         4
   255093.20358231189                         4
   256093.20358231189                         4
   257093.20358231189                         4
   258093.20358231189                         4
   259093.20358231189                         4
   260093.20358231189                         4
   261093.20358231189                         4
   262093.20358231189                         4
   263093.20358231186                         4
   264093.20358231186                         4
   265093.20358231186                         4
   266093.20358231186                         4
   267093.20358231186                         4
   268093.20358231186                         4
   269093.20358231186                         4
   270093.20358231186                         4
   271093.20358231186                         4
   272093.20358231186                         4
   273093.20358231186                         4
   274093.20358231186                         4
   275093.20358231186                         4
   276093.20358231186                         4
   277093.20358231186                         4
   278093.20358231186                         4
   279093.20358231186                         4
   280093.20358231186                         4
   281093.20358231186                         4
   282093.20358231186                         4
   283093.20358231186                         4
   284093.20358231186                         4
   285093.20358231186                         4
   286093.20358231186                         4
   287093.20358231186                         4
   288093.20358231186                         4
   289093.20358231186                         4
   290093.20358231186                         4
   291093.20358231186                         4
   292093.20358231186                         4
   293093.20358231186                         4
   294093.20358231186                         4
   295093.20358231186                         4
   296093.20358231186                         4
   297093.20358231186                         4
   298093.20358231186                         4
   299093.20358231186                         4
   300093.20358231186                         4
   301093.20358231186                         4
   302093.20358231186                         4
   303093.20358231186                         4
   304093.20358231186                         4
   305093.20358231186                         4
   306093.20358231186                         4
   307093.20358231186                         4
   308093.20358231186                         4
   309093.20358231186                         4
   310093.20358231186                         4
   311093.20358231186                         4
   312093.20358231186                         4
   313093.20358231186                         4
   314093.20358231186                         4
   315093.20358231186                         4
   316093.20358231186                         4
   317093.20358231186                         4
   318093.20358231186                         4
   319093.20358231186                         4
   320093.20358231186                         4
   321093.20358231186                         4
   322093.20358231186                         4
   323093.20358231186                         4
   324093.20358231186                         4
   325093.20358231186                         4
   326093.20358231186                         4
   327093.20358231186                         4
   328093.20358231186                         4
   329093.20358231186                         4
   330093.20358231186                         4
   331093.20358231186                         4
   332093.20358231186                         4
   333093.20358231186                         4
   334093.20358231186                         4
   335093.20358231186                         4
   336093.20358231186                         4
   337093.20358231186                         4
   338093.20358231186                         4
   339093.20358231186                         4
   340093.20358231186                         4
   341093.20358231186                         4
   342093.20358231186                         4
   343093.20358231186                         4
   344093.20358231186                         4
   345093.20358231186                         4
   346093.20358231186                         4
   347093.20358231186                         4
   348093.20358231186                         4
   349093.20358231186                         4
   350093.20358231186                         4
   351093.20358231186                         4
   352093.20358231186                         4
   353093.20358231186                         4
   354093.20358231186                         4
   355093.20358231186                         4
   356093.20358231186                         4
   357093.20358231186                         4
   358093.20358231186                         4
   359093.20358231186                         4
   360093.20358231186                         4
   361093.20358231186                         4
   362093.20358231186                         4
   363093.20358231186                         4
   364093.20358231186                         4
   365093.20358231186                         4
   366093.20358231186                         4
   367093.20358231186                         4
   368093.20358231186                         4
   369093.20358231186                         4
   370093.20358231186                         4
   371093.20358231186                         4
   372093.20358231186                         4
   373093.20358231186                         4
   374093.20358231186                         4
   375093.20358231186                         4
   376093.20358231186                         4
   377093.20358231186                         4
   378093.20358231186                         4
   379093.20358231186                         4
   380093.20358231186                         4
   381093.20358231186                         4
   382093.20358231186                         4
   383093.20358231186                         4
   384093.20358231186                         4
   385093.20358231186                         4
   386093.20358231186                         4
   387093.20358231186                         4
   388093.20358231186                         4
   389093.20358231186                         4
   390093.20358231186                         4
   391093.20358231186                         4
   392093.20358231186                         4
   393093.20358231186                         4
   394093.20358231186                         4
   395093.20358231186                         4
   396093.20358231186                         4
   397093.20358231186                         4
   398093.20358231186                         4
   399093.20358231186                         4
   400093.20358231186                         4
   401093.20358231186                         4
   402093.20358231186                         4
   403093.20358231186                         4
   404093.20358231186                         4
   405093.20358231186                         4
   406093.20358231186                         4
   407093.20358231186                         4
   408093.20358231186                         4
   409093.20358231186                         4
   410093.20358231186                         4
   411093.20358231186                         4
   412093.20358231186                         4
   413093.20358231186                         4
   414093.20358231186                         4
   415093.20358231186                         4
   416093.20358231186                         4
   417093.20358231186                         4
   418093.20358231186                         4
   419093.20358231186                         4
   420093.20358231186                         4
   421093.20358231186                         4
   422093.20358231186                         4
   423093.20358231186                         4
   424093.20358231186                         4
   425093.20358231186                         4
   426093.20358231186                         4
   427093.20358231186                         4
   428093.20358231186                         4
   429093.20358231186                         4
   430093.20358231186                         4
   431093.20358231186                         4
   432093.20358231186                         4
   433093.20358231186                         4
   434093.20358231186                         4
   435093.20358231186                         4
   436093.20358231186                         4
   437093.20358231186                         4
   438093.20358231186                         4
   439093.20358231186                         4
   440093.20358231186                         4
   441093.20358231186                         4
   442093.20358231186                         4
   443093.20358231186                         4
   444093.20358231186                         4
   445093.20358231186                         4
   446093.20358231186                         4
   447093.20358231186                         4
   448093.20358231186                         4
   449093.20358231186                         4
   450093.20358231186                         4
   451093.20358231186                         4
   452093.20358231186                         4
   453093.20358231186                         4
   454093.20358231186                         4
   455093.20358231186                         4
   456093.20358231186                         4
   457093.20358231186                         4
   458093.20358231186                         4
   459093.20358231186                         4
   460093.20358231186                         4
   461093.20358231186                         4
   462093.20358231186                         4
   463093.20358231186                         4
   464093.20358231186                         4
   465093.20358231186                         4
   466093.20358231186                         4
   467093.20358231186                         4
   468093.20358231186                         4
   469093.20358231186                         4
   470093.20358231186                         4
   471093.20358231186                         4
   472093.20358231186                         4
   473093.20358231186                         4
   474093.20358231186                         4
   475093.20358231186                         4
   476093.20358231186                         4
   477093.20358231186                         4
   478093.20358231186                         4
   479093.20358231186                         4
   480093.20358231186                         4
   481093.20358231186                         4
   482093.20358231186                         4
   483093.20358231186                         4
   484093.20358231186                         4
   485093.20358231186                         4
   486093.20358231186                         4
   487093.20358231186                         4
   488093.20358231186                         4
   489093.20358231186                         4
   490093.20358231186                         4
   491093.20358231186                         4
   492093.20358231186                         4
   493093.20358231186                         4
   494093.20358231186                         4
   495093.20358231186                         4
   496093.20358231186                         4
   497093.20358231186                         4
   498093.20358231186                         4
   499093.20358231186                         4
   500093.20358231186                         4
   501093.20358231186                         4
   502093.20358231186                         4
   503093.20358231186                         4
   504093.20358231186                         4
   505093.20358231186                         4
   506093.20358231186                         4
   507093.20358231186                         4
   508093.20358231186                         4
   509093.20358231186                         4
   510093.20358231186                         4
   511093.20358231186                         4
   512093.20358231186                         4
   513093.20358231186                         4
   514093.20358231186                         4
   515093.20358231186                         4
   516093.20358231186                         4
   517093.20358231186                         4
   518093.20358231186                         4
   519093.20358231186                         4
   520093.20358231186                         4
   521093.20358231186                         4
   522093.20358231186                         4
   523093.20358231186                         4
   524093.20358231186                         4
   525093.20358231186                         4
   526093.20358231186                         4
   527093.20358231186                         4
   528093.20358231186                         4
   529093.20358231186                         4
   530093.20358231186                         4
   531093.20358231186                         4
   532093.20358231186                         4
   533093.20358231186                         4
   534093.20358231186                         4
   535093.20358231186                         4
   536093.20358231186                         4
   537093.20358231186                         4
   538093.20358231186                         4
   539093.20358231186                         4
   540093.20358231186                         4
   541093.20358231186                         4
   542093.20358231186                         4
   543093.20358231186                         4
   544093.20358231186                         4
   545093.20358231186                         4
   546093.20358231186                         4
   547093.20358231186                         4
   548093.20358231186                         4
   549093.20358231186                         4
   550093.20358231186                         4
   551093.20358231186                         4
   552093.20358231186                         4
   553093.20358231186                         4
   554093.20358231186                         4
   555093.20358231186                         4
   556093.20358231186                         4
   557093.20358231186                         4
   558093.20358231186                         4
   559093.20358231186                         4
   560093.20358231186                         4
   561093.20358231186                         4
   562093.20358231186                         4
   563093.20358231186                         4
   564093.20358231186                         4
   565093.20358231186                         4
   566093.20358231186                         4
   567093.20358231186                         4
   568093.20358231186                         4
   569093.20358231186                         4
   570093.20358231186                         4
   571093.20358231186                         4
   572093.20358231186                         4
   573093.20358231186                         4
   574093.20358231186                         4
   575093.20358231186                         4
   576093.20358231186                         4
   577093.20358231186                         4
   578093.20358231186                         4
   579093.20358231186                         4
   580093.20358231186                         4
   581093.20358231186                         4
   582093.20358231186                         4
   583093.20358231186                         4
   584093.20358231186                         4
   585093.20358231186                         4
   586093.20358231186                         4
   587093.20358231186                         4
   588093.20358231186                         4
   589093.20358231186                         4
   590093.20358231186                         4
   591093.20358231186                         4
   592093.20358231186                         4
   593093.20358231186                         4
   594093.20358231186                         4
   595093.20358231186                         4
   596093.20358231186                         4
   597093.20358231186                         4
   598093.20358231186                         4
   599093.20358231186                         4
   600093.20358231186                         4
   601093.20358231186                         4
   602093.20358231186                         4
   603093.20358231186                         4
   604093.20358231186                         4
   605093.20358231186                         4
   606093.20358231186                         4
   607093.20358231186                         4
   608093.20358231186                         4
   609093.20358231186                         4
   610093.20358231186                         4
   611093.20358231186                         4
   612093.20358231186                         4
   613093.20358231186                         4
   614093.20358231186                         4
   615093.20358231186                         4
   616093.20358231186                         4
   617093.20358231186                         4
   618093.20358231186                         4
   619093.20358231186                         4
   620093.20358231186                         4
   621093.20358231186                         4
   622093.20358231186                         4
   623093.20358231186                         4
   624093.20358231186                         4
   625093.20358231186                         4
   626093.20358231186                         4
   627093.20358231186                         4
   628093.20358231186                         4
   629093.20358231186                         4
   630093.20358231186                         4
   631093.20358231186                         4
   632093.20358231186                         4
   633093.20358231186                         4
   634093.20358231186                         4
   635093.20358231186                         4
   636093.20358231186                         4
   637093.20358231186                         4
   638093.20358231186                         4
   639093.20358231186                         4
   640093.20358231186                         4
   641093.20358231186                         4
   642093.20358231186                         4
   643093.20358231186                         4
   644093.20358231186                         4
   645093.20358231186                         4
   646093.20358231186                         4
   647093.20358231186                         4
   648093.20358231186                         4
   649093.20358231186                         5
   650093.20358231186                         5
   651093.20358231186                         5
   652093.20358231186                         5
   653093.20358231186                         5
   654093.20358231186                         5
   655093.20358231186                         5
   656093.20358231186                         5
   657093.20358231186                         5
   658093.20358231186                         5
   659093.20358231186                         5
   660093.20358231186                         5
   661093.20358231186                         5
   662093.20358231186                         5
   663093.20358231186                         5
   664093.20358231186                         5
   665093.20358231186                         5
   666093.20358231186                         5
   667093.20358231186                         5
   668093.20358231186                         5
   669093.20358231186                         5
   670093.20358231186                         5
   671093.20358231186                         5
   672093.20358231186                         5
   673093.20358231186                         5
   674093.20358231186                         5
   675093.20358231186                         5
   676093.20358231186                         5
   677093.20358231186                         5
   678093.20358231186                         5
   679093.20358231186                         5
   680093.20358231186                         5
   681093.20358231186                         5
   682093.20358231186                         5
   683093.20358231186                         5
   684093.20358231186                         5
   685093.20358231186                         5
   686093.20358231186                         5
   687093.20358231186                         5
   688093.20358231186                         5
   689093.20358231186                         5
   690093.20358231186                         5
   691093.20358231186                         5
   692093.20358231186                         5
   693093.20358231186                         5
   694093.20358231186                         5
   695093.20358231186                         5
   696093.20358231186                         5
   697093.20358231186                         5
   698093.20358231186                         5
   699093.20358231186                         5
   700093.20358231186                         5
   701093.20358231186                         5
   702093.20358231186                         5
   703093.20358231186                         5
   704093.20358231186                         5
   705093.20358231186                         5
   706093.20358231186                         5
   707093.20358231186                         5
   708093.20358231186                         5
   709093.20358231186                         5
   710093.20358231186                         5
   711093.20358231186                         5
   712093.20358231186                         5
   713093.20358231186                         5
   714093.20358231186                         5
   715093.20358231186                         5
   716093.20358231186                         5
   717093.20358231186                         5
   718093.20358231186                         5
   719093.20358231186                         5
   720093.20358231186                         5
   721093.20358231186                         5
   722093.20358231186                         5
   723093.20358231186                         5
   724093.20358231186                         5
   725093.20358231186                         5
   726093.20358231186                         5
   727093.20358231186                         5
   728093.20358231186                         5
   729093.20358231186                         5
   730093.20358231186                         5
   731093.20358231186                         5
   732093.20358231186                         5
   733093.20358231186                         5
   734093.20358231186                         5
   735093.20358231186                         5
   736093.20358231186                         5
   737093.20358231186                         5
   738093.20358231186                         5
   739093.20358231186                         5
   740093.20358231186                         5
   741093.20358231186                         5
   742093.20358231186                         5
   743093.20358231186                         5
   744093.20358231186                         5
   745093.20358231186                         5
   746093.20358231186                         5
   747093.20358231186                         5
   748093.20358231186                         5
   749093.20358231186                         5
   750093.20358231186                         5
   751093.20358231186                         5
   752093.20358231186                         5
   753093.20358231186                         5
   754093.20358231186                         5
   755093.20358231186                         5
   756093.20358231186                         5
   757093.20358231186                         5
   758093.20358231186                         5
   759093.20358231186                         5
   760093.20358231186                         5
   761093.20358231186                         5
   762093.20358231186                         5
   763093.20358231186                         5
   764093.20358231186                         5
   765093.20358231186                         5
   766093.20358231186                         5
   767093.20358231186                         5
   768093.20358231186                         5
   769093.20358231186                         5
   770093.20358231186                         5
   771093.20358231186                         5
   772093.20358231186                         5
   773093.20358231186                         5
   774093.20358231186                         5
   775093.20358231186                         5
   776093.20358231186                         5
   777093.20358231186                         5
   778093.20358231186                         5
   779093.20358231186                         5
   780093.20358231186                         5
   781093.20358231186                         5
   782093.20358231186                         5
   783093.20358231186                         5
   784093.20358231186                         5
   785093.20358231186                         5
   786093.20358231186                         5
   787093.20358231186                         5
   788093.20358231186                         5
   789093.20358231186                         5
   790093.20358231186                         5
   791093.20358231186                         5
   792093.20358231186                         5
   793093.20358231186                         5
   794093.20358231186                         5
   795093.20358231186                         5
   796093.20358231186                         5
   797093.20358231186                         5
   798093.20358231186                         5
   799093.20358231186                         5
   800093.20358231186                         6
   801093.20358231186                         6
   802093.20358231186                         6
   803093.20358231186                         6
   804093.20358231186                         6
   805093.20358231186                         6
   806093.20358231186                         6
   807093.20358231186                         6
   808093.20358231186                         6
   809093.20358231186                         6
   810093.20358231186                         6
   811093.20358231186                         6
   812093.20358231186                         6
   813093.20358231186                         6
   814093.20358231186                         6
   815093.20358231186                         6
   816093.20358231186                         6
   817093.20358231186                         6
   818093.20358231186                         6
   819093.20358231186                         6
   820093.20358231186                         6
   821093.20358231186                         6
   822093.20358231186                         6
   823093.20358231186                         6
   824093.20358231186                         6
   825093.20358231186                         6
   826093.20358231186                         6
   827093.20358231186                         6
   828093.20358231186                         6
   829093.20358231186                         6
   830093.20358231186                         6
   831093.20358231186                         6
   832093.20358231186                         6
   833093.20358231186                         6
   834093.20358231186                         6
   835093.20358231186                         6
   836093.20358231186                         6
   837093.20358231186                         6
   838093.20358231186                         6
   839093.20358231186                         6
   840093.20358231186                         6
   841093.20358231186                         6
   842093.20358231186                         6
   843093.20358231186                         6
   844093.20358231186                         6
   845093.20358231186                         6
   846093.20358231186                         6
   847093.20358231186                         6
   848093.20358231186                         6
   849093.20358231186                         6
   850093.20358231186                         6
   851093.20358231186                         6
   852093.20358231186                         6
   853093.20358231186                         6
   854093.20358231186                         6
   855093.20358231186                         6
   856093.20358231186                         6
   857093.20358231186                         6
   858093.20358231186                         6
   859093.20358231186                         6
   860093.20358231186                         6
   861093.20358231186                         6
   862093.20358231186                         6
   863093.20358231186                         6
   864093.20358231186                         6
   865093.20358231186                         6
   866093.20358231186                         6
   867093.20358231186                         6
   868093.20358231186                         6
   869093.20358231186                         6
   870093.20358231186                         6
   871093.20358231186                         6
   872093.20358231186                         6
   873093.20358231186                         6
   874093.20358231186                         6
   875093.20358231186                         6
   876093.20358231186                         6
   877093.20358231186                         6
   878093.20358231186                         6
   879093.20358231186                         6
   880093.20358231186                         6
   881093.20358231186                         6
   882093.20358231186                         6
   883093.20358231186                         6
   884093.20358231186                         6
   885093.20358231186                         6
   886093.20358231186                         6
   887093.20358231186                         6
   888093.20358231186                         6
   889093.20358231186                         7
   890093.20358231186                         7
   891093.20358231186                         7
   892093.20358231186                         7
   893093.20358231186                         7
   894093.20358231186                         7
   895093.20358231186                         7
   896093.20358231186                         7
   897093.20358231186                         7
   898093.20358231186                         7
   899093.20358231186                         7
   900093.20358231186                         7
   901093.20358231186                         7
   902093.20358231186                         7
   903093.20358231186                         7
   904093.20358231186                         7
   905093.20358231186                         7
   906093.20358231186                         7
   907093.20358231186                         7
   908093.20358231186                         7
   909093.20358231186                         7
   910093.20358231186                         7
   911093.20358231186                         7
   912093.20358231186                         7
   913093.20358231186                         7
   914093.20358231186                         7
   915093.20358231186                         7
   916093.20358231186                         7
   917093.20358231186                         7
   918093.20358231186                         7
   919093.20358231186                         7
   920093.20358231186                         7
   921093.20358231186                         7
   922093.20358231186                         7
   923093.20358231186                         7
   924093.20358231186                         7
   925093.20358231186                         7
   926093.20358231186                         7
   927093.20358231186                         7
   928093.20358231186                         7
   929093.20358231186                         7
   930093.20358231186                         7
   931093.20358231186                         7
   932093.20358231186                         7
   933093.20358231186                         7
   934093.20358231186                         7
   935093.20358231186                         7
   936093.20358231186                         7
   937093.20358231186                         7
   938093.20358231186                         7
   939093.20358231186                         7
   940093.20358231186                         7
   941093.20358231186                         7
   942093.20358231186                         7
   943093.20358231186                         7
   944093.20358231186                         7
   945093.20358231186                         7
   946093.20358231186                         7
   947093.20358231186                         7
   948093.20358231186                         7
   949093.20358231186                         7
   950093.20358231186                         7
   951093.20358231186                         7
   952093.20358231186                         7
   953093.20358231186                         7
   954093.20358231186                         7
   955093.20358231186                         7
   956093.20358231186                         7
   957093.20358231186                         7
   958093.20358231186                         7
   959093.20358231186                         7
   960093.20358231186                         7
   961093.20358231186                         7
   962093.20358231186                         7
   963093.20358231186                         7
   964093.20358231186                         7
   965093.20358231186                         7
   966093.20358231186                         7
   967093.20358231186                         7
   968093.20358231186                         7
   969093.20358231186                         7
   970093.20358231186                         7
   971093.20358231186                         7
   972093.20358231186                         7
   973093.20358231186                         7
   974093.20358231186                         7
   975093.20358231186                         7
   976093.20358231186                         7
   977093.20358231186                         7
   978093.20358231186                         8
   979093.20358231186                         8
   980093.20358231186                         8
   981093.20358231186                         8
   982093.20358231186                         8
   983093.20358231186                         8
   984093.20358231186                         8
   985093.20358231186                         8
   986093.20358231186                         8
   987093.20358231186                         8
   988093.20358231186                         8
   989093.20358231186                         8
   990093.20358231186                         8
   991093.20358231186                         8
   992093.20358231186                         8
   993093.20358231186                         8
   994093.20358231186                         8
   995093.20358231186                         8
   996093.20358231186                         8
   997093.20358231186                         8
   998093.20358231186                         8
   999093.20358231186                         8
   1000093.2035823119                         8
   1001093.2035823119                         8
   1002093.2035823119                         8
   1003093.2035823119                         8
   1004093.2035823119                         8
   1005093.2035823119                         8
   1006093.2035823119                         8
   1007093.2035823119                         8
   1008093.2035823119                         8
   1009093.2035823119                         8
   1010093.2035823119                         8
   1011093.2035823119                         8
   1012093.2035823119                         8
   1013093.2035823119                         8
   1014093.2035823119                         8
   1015093.2035823119                         8
   1016093.2035823119                         8
   1017093.2035823119                         8
   1018093.2035823119                         8
   1019093.2035823119                         8
   1020093.2035823119                         8
   1021093.2035823119                         8
   1022093.2035823119                         8
   1023093.2035823119                         8
   1024093.2035823119                         8
   1025093.2035823119                         8
   1026093.2035823119                         8
   1027093.2035823119                         8
   1028093.2035823119                         8
   1029093.2035823119                         8
   1030093.2035823119                         8
   1031093.2035823119                         8
   1032093.2035823119                         8
   1033093.2035823119                         8
   1034093.2035823119                         8
   1035093.2035823119                         8
   1036093.2035823119                         8
   1037093.2035823119                         8
   1038093.2035823119                         8
   1039093.2035823119                         8
   1040093.2035823119                         8
   1041093.2035823119                         8
   1042093.2035823119                         8
   1043093.2035823119                         8
   1044093.2035823119                         8
   1045093.2035823119                         8
   1046093.2035823119                         8
   1047093.2035823119                         8
   1048093.2035823119                         8
   1049093.2035823120                         8
   1050093.2035823120                         8
   1051093.2035823120                         8
   1052093.2035823120                         8
   1053093.2035823120                         8
   1054093.2035823120                         8
   1055093.2035823120                         8
   1056093.2035823120                         8
   1057093.2035823120                         8
   1058093.2035823120                         8
   1059093.2035823120                         8
   1060093.2035823120                         8
   1061093.2035823120                         8
   1062093.2035823120                         8
   1063093.2035823120                         8
   1064093.2035823120                         8
   1065093.2035823120                         8
   1066093.2035823120                         8
   1067093.2035823120                         8
   1068093.2035823120                         8
   1069093.2035823120                         8
   1070093.2035823120                         8
   1071093.2035823120                         8
   1072093.2035823120                         8
   1073093.2035823120                         8
   1074093.2035823120                         8
   1075093.2035823120                         8
   1076093.2035823120                         8
   1077093.2035823120                         8
   1078093.2035823120                         8
   1079093.2035823120                         8
   1080093.2035823120                         8
   1081093.2035823120                         8
   1082093.2035823120                         8
   1083093.2035823120                         8
   1084093.2035823120                         8
   1085093.2035823120                         8
   1086093.2035823120                         8
   1087093.2035823120                         8
   1088093.2035823120                         8
   1089093.2035823120                         8
   1090093.2035823120                         8
   1091093.2035823120                         8
   1092093.2035823120                         8
   1093093.2035823120                         8
   1094093.2035823120                         8
   1095093.2035823120                         8
   1096093.2035823120                         8
   1097093.2035823120                         8
   1098093.2035823120                         9
   1099093.2035823120                         9
   1100093.2035823120                         9
   1101093.2035823120                         9
   1102093.2035823120                         9
   1103093.2035823120                         9
   1104093.2035823120                         9
   1105093.2035823120                         9
   1106093.2035823120                         9
   1107093.2035823120                         9
   1108093.2035823120                         9
   1109093.2035823120                         9
   1110093.2035823120                         9
   1111093.2035823120                         9
   1112093.2035823120                         9
   1113093.2035823120                         9
   1114093.2035823120                         9
   1115093.2035823120                         9
   1116093.2035823120                         9
   1117093.2035823120                         9
   1118093.2035823120                         9
   1119093.2035823120                         9
   1120093.2035823120                         9
   1121093.2035823120                         9
   1122093.2035823120                         9
   1123093.2035823120                         9
   1124093.2035823120                         9
   1125093.2035823120                         9
   1126093.2035823120                         9
   1127093.2035823120                         9
   1128093.2035823120                         9
   1129093.2035823120                         9
   1130093.2035823120                         9
   1131093.2035823120                         9
   1132093.2035823120                         9
   1133093.2035823120                         9
   1134093.2035823120                         9
   1135093.2035823120                         9
   1136093.2035823120                         9
   1137093.2035823120                         9
   1138093.2035823120                         9
   1139093.2035823120                         9
   1140093.2035823120                         9
   1141093.2035823120                         9
   1142093.2035823120                         9
   1143093.2035823120                         9
   1144093.2035823120                         9
   1145093.2035823120                         9
   1146093.2035823120                         9
   1147093.2035823120                         9
   1148093.2035823120                         9
   1149093.2035823120                         9
   1150093.2035823120                         9
   1151093.2035823120                         9
   1152093.2035823120                         9
   1153093.2035823120                         9
   1154093.2035823120                         9
   1155093.2035823120                         9
   1156093.2035823120                         9
   1157093.2035823120                         9
   1158093.2035823120                         9
   1159093.2035823120                         9
   1160093.2035823120                         9
   1161093.2035823120                         9
   1162093.2035823120                         9
   1163093.2035823120                         9
   1164093.2035823120                         9
   1165093.2035823120                         9
   1166093.2035823120                         9
   1167093.2035823120                         9
   1168093.2035823120                         9
   1169093.2035823120                         9
   1170093.2035823120                         9
   1171093.2035823120                         9
   1172093.2035823120                         9
   1173093.2035823120                         9
   1174093.2035823120                         9
   1175093.2035823120                         9
   1176093.2035823120                         9
   1177093.2035823120                         9
   1178093.2035823120                         9
   1179093.2035823120                         9
   1180093.2035823120                         9
   1181093.2035823120                         9
   1182093.2035823120                         9
   1183093.2035823120                         9
   1184093.2035823120                         9
   1185093.2035823120                         9
   1186093.2035823120                         9
   1187093.2035823120                         9
   1188093.2035823120                         9
   1189093.2035823120                         9
   1190093.2035823120                         9
   1191093.2035823120                         9
   1192093.2035823120                         9
   1193093.2035823120                         9
   1194093.2035823120                         9
   1195093.2035823120                         9
   1196093.2035823120                         9
   1197093.2035823120                         9
   1198093.2035823120                         9
   1199093.2035823120                         9
   1200093.2035823120                         9
   1201093.2035823120                         9
   1202093.2035823120                         9
   1203093.2035823120                         9
   1204093.2035823120                         9
   1205093.2035823120                         9
   1206093.2035823120                         9
   1207093.2035823120                         9
   1208093.2035823120                         9
   1209093.2035823120                         9
