   0.0000000000000000                         3
   1.0000000000000000                         3
   2.0600000000000001                         3
   3.1836000000000002                         3
   4.3746160000000005                         3
   5.6370929600000004                         3
   6.9753185376000006                         3
   8.3938376498560014                         3
   9.8974679088473625                         3
   11.491315983378204                         3
   13.180794942380897                         3
   14.971642638923752                         3
   16.869941197259177                         3
   18.882137669094728                         3
   21.015065929240414                         3
   23.275969884994840                         3
   25.672528078094530                         3
   28.212879762780204                         3
   30.905652548547017                         3
   33.759991701459839                         3
   36.785591203547433                         3
   39.992726675760281                         3
   43.392290276305900                         3
   46.995827692884255                         3
   50.815577354457311                         3
   54.864511995724754                         3
   59.156382715468240                         3
   63.705765678396340                         3
   68.528111619100116                         3
   73.639798316246129                         3
   79.058186215220900                         3
   84.801677388134152                         3
   90.889778031422210                         3
   97.343164713307544                         3
   104.18375459610600                         3
   111.43477987187237                         3
   119.12086666418472                         3
   127.26811866403581                         3
   135.90420578387796                         3
   145.05845813091065                         3
   154.76196561876529                         3
   165.04768355589121                         3
   175.95054456924470                         3
   187.50757724339940                         4
   199.75803187800338                         4
   212.74351379068358                         4
   226.50812461812461                         4
   241.09861209521210                         4
   256.56452882092486                         4
   272.95840055018039                         4
   290.33590458319122                         4
   308.75605885818271                         4
   328.28142238967371                         4
   348.97830773305412                         4
   370.91700619703738                         4
   394.17202656885962                         4
   418.82234816299120                         4
   444.95168905277069                         4
   472.64879039593694                         4
   502.00771781969320                         4
   533.12818088887479                         4
   566.11587174220733                         4
   601.08282404673980                         4
   638.14779348954426                         4
   677.43666109891694                         4
   719.08286076485194                         5
   763.22783241074308                         5
   810.02150235538772                         5
   859.62279249671099                         5
   912.20016004651370                         5
   967.93216964930457                         5
   1027.0080998282629                         5
   1089.6285858179588                         5
   1156.0063009670364                         5
   1226.3666790250586                         5
   1300.9486797665622                         5
   1380.0056005525560                         5
   1463.8059365857093                         5
   1552.6342927808519                         5
   1646.7923503477032                         5
   1746.5998913685655                         6
   1852.3958848506795                         6
   1964.5396379417205                         6
   2083.4120162182239                         6
   2209.4167371913172                         6
   2342.9817414227964                         6
   2484.5606459081641                         6
   2634.6342846626540                         6
   2793.7123417424132                         6
   2962.3350822469583                         6
   3141.0751871817761                         7
   3330.5396984126828                         7
   3531.3720803174438                         7
   3744.2544051364907                         7
   3969.9096694446803                         7
   4209.1042496113614                         7
   4462.6505045880431                         8
   4731.4095348633255                         8
   5016.2941069551252                         8
   5318.2717533724335                         8
   5638.3680585747798                         8
   5977.6701420892668                         9
   6337.3303506146231                         9
   6718.5701716515005                         9
   7122.6843819505912                         9
   7551.0454448676273                        10
   8005.1081715596856                        10
   8486.4146618532668                        10
   8996.5995415644629                        11
   9537.3955140583312                        11
   10110.639244901831                        11
   10718.277599595942                        12
   11362.374255571698                        12
   12045.116710906001                        13
   12768.823713560361                        13
   13535.953136373984                        14
   14349.110324556425                        15
   15211.056944029811                        16
   16124.720360671601                        17
   17093.203582311897                        17
   18093.203582311897                        17
   19093.203582311897                        17
   20093.203582311897                        17
   21093.203582311897                        17
   22093.203582311897                        17
   23093.203582311897                        17
   24093.203582311897                        16
   25093.203582311897                        16
   26093.203582311897                        16
   27093.203582311897                        16
   28093.203582311897                        16
   29093.203582311897                        16
   30093.203582311897                        16
   31093.203582311897                        16
   32093.203582311897                        16
   33093.203582311893                        16
   34093.203582311893                        16
   35093.203582311893                        16
   36093.203582311893                        16
   37093.203582311893                        16
   38093.203582311893                        16
   39093.203582311893                        16
   40093.203582311893                        15
   41093.203582311893                        15
   42093.203582311893                        15
   43093.203582311893                        15
   44093.203582311893                        15
   45093.203582311893                        15
   46093.203582311893                        15
   47093.203582311893                        15
   48093.203582311893                        15
   49093.203582311893                        15
   50093.203582311893                        15
   51093.203582311893                        15
   52093.203582311893                        15
   53093.203582311893                        15
   54093.203582311893                        15
   55093.203582311893                        15
   56093.203582311893                        15
   57093.203582311893                        15
   58093.203582311893                        15
   59093.203582311893                        15
   60093.203582311893                        14
   61093.203582311893                        14
   62093.203582311893                        14
   63093.203582311893                        14
   64093.203582311893                        14
   65093.203582311893                        14
   66093.203582311893                        14
   67093.203582311893                        14
   68093.203582311893                        14
   69093.203582311893                        14
   70093.203582311893                        14
   71093.203582311893                        14
   72093.203582311893                        14
   73093.203582311893                        14
   74093.203582311893                        14
   75093.203582311893                        14
   76093.203582311893                        14
   77093.203582311893                        14
   78093.203582311893                        14
   79093.203582311893                        14
   80093.203582311893                        14
   81093.203582311893                        14
   82093.203582311893                        14
   83093.203582311893                        13
   84093.203582311893                        13
   85093.203582311893                        13
   86093.203582311893                        13
   87093.203582311893                        13
   88093.203582311893                        13
   89093.203582311893                        13
   90093.203582311893                        13
   91093.203582311893                        13
   92093.203582311893                        13
   93093.203582311893                        13
   94093.203582311893                        13
   95093.203582311893                        13
   96093.203582311893                        13
   97093.203582311893                        13
   98093.203582311893                        13
   99093.203582311893                        13
   100093.20358231189                        13
   101093.20358231189                        13
   102093.20358231189                        13
   103093.20358231189                        13
   104093.20358231189                        13
   105093.20358231189                        13
   106093.20358231189                        13
   107093.20358231189                        13
   108093.20358231189                        12
   109093.20358231189                        12
   110093.20358231189                        12
   111093.20358231189                        12
   112093.20358231189                        12
   113093.20358231189                        12
   114093.20358231189                        12
   115093.20358231189                        12
   116093.20358231189                        12
   117093.20358231189                        12
   118093.20358231189                        12
   119093.20358231189                        12
   120093.20358231189                        12
   121093.20358231189                        12
   122093.20358231189                        12
   123093.20358231189                        12
   124093.20358231189                        12
   125093.20358231189                        12
   126093.20358231189                        12
   127093.20358231189                        12
   128093.20358231189                        12
   129093.20358231189                        12
   130093.20358231189                        12
   131093.20358231189                        12
   132093.20358231189                        12
   133093.20358231189                        12
   134093.20358231189                        12
   135093.20358231189                        12
   136093.20358231189                        12
   137093.20358231189                        12
   138093.20358231189                        11
   139093.20358231189                        11
   140093.20358231189                        11
   141093.20358231189                        11
   142093.20358231189                        11
   143093.20358231189                        11
   144093.20358231189                        11
   145093.20358231189                        11
   146093.20358231189                        11
   147093.20358231189                        11
   148093.20358231189                        11
   149093.20358231189                        11
   150093.20358231189                        11
   151093.20358231189                        11
   152093.20358231189                        11
   153093.20358231189                        11
   154093.20358231189                        11
   155093.20358231189                        11
   156093.20358231189                        11
   157093.20358231189                        11
   158093.20358231189                        11
   159093.20358231189                        11
   160093.20358231189                        11
   161093.20358231189                        11
   162093.20358231189                        10
   163093.20358231189                        10
   164093.20358231189                        10
   165093.20358231189                        10
   166093.20358231189                        10
   167093.20358231189                        10
   168093.20358231189                        10
   169093.20358231189                        10
   170093.20358231189                        10
   171093.20358231189                        10
   172093.20358231189                        10
   173093.20358231189                         9
   174093.20358231189                         9
   175093.20358231189                         9
   176093.20358231189                         9
   177093.20358231189                         8
   178093.20358231189                         8
   179093.20358231189                         8
   180093.20358231189                         7
   181093.20358231189                         6
   182093.20358231189                         6
   183093.20358231189                         6
   184093.20358231189                         6
   185093.20358231189                         7
   186093.20358231189                         8
   187093.20358231189                         9
   188093.20358231189                         9
   189093.20358231189                        10
   190093.20358231189                        10
   191093.20358231189                        10
   192093.20358231189                        11
   193093.20358231189                        11
   194093.20358231189                        11
   195093.20358231189                        11
   196093.20358231189                        12
   197093.20358231189                        12
   198093.20358231189                        12
   199093.20358231189                        12
   200093.20358231189                        13
   201093.20358231189                        13
   202093.20358231189                        13
   203093.20358231189                        13
   204093.20358231189                        13
   205093.20358231189                        13
   206093.20358231189                        14
   207093.20358231189                        14
   208093.20358231189                        14
   209093.20358231189                        14
   210093.20358231189                        14
   211093.20358231189                        14
   212093.20358231189                        15
   213093.20358231189                        15
   214093.20358231189                        15
   215093.20358231189                        15
   216093.20358231189                        15
   217093.20358231189                        15
   218093.20358231189                        16
   219093.20358231189                        16
   220093.20358231189                        16
   221093.20358231189                        16
   222093.20358231189                        16
   223093.20358231189                        16
   224093.20358231189                        17
   225093.20358231189                        17
   226093.20358231189                        17
   227093.20358231189                        17
   228093.20358231189                        17
   229093.20358231189                        17
   230093.20358231189                        18
   231093.20358231189                        18
   232093.20358231189                        18
   233093.20358231189                        18
   234093.20358231189                        18
   235093.20358231189                        18
   236093.20358231189                        18
   237093.20358231189                        19
   238093.20358231189                        19
   239093.20358231189                        19
   240093.20358231189                        19
   241093.20358231189                        19
   242093.20358231189                        19
   243093.20358231189                        20
   244093.20358231189                        20
   245093.20358231189                        20
   246093.20358231189                        20
   247093.20358231189                        20
   248093.20358231189                        20
   249093.20358231189                        21
   250093.20358231189                        21
   251093.20358231189                        21
   252093.20358231189                        21
   253093.20358231189                        21
   254093.20358231189                        21
   255093.20358231189                        22
   256093.20358231189                        22
   257093.20358231189                        22
   258093.20358231189                        22
   259093.20358231189                        22
   260093.20358231189                        22
   261093.20358231189                        23
   262093.20358231189                        23
   263093.20358231186                        23
   264093.20358231186                        23
   265093.20358231186                        23
   266093.20358231186                        24
   267093.20358231186                        24
   268093.20358231186                        24
   269093.20358231186                        24
   270093.20358231186                        24
   271093.20358231186                        24
   272093.20358231186                        25
   273093.20358231186                        25
   274093.20358231186                        25
   275093.20358231186                        25
   276093.20358231186                        25
   277093.20358231186                        26
   278093.20358231186                        26
   279093.20358231186                        26
   280093.20358231186                        26
   281093.20358231186                        27
   282093.20358231186                        27
   283093.20358231186                        27
   284093.20358231186                        27
   285093.20358231186                        27
   286093.20358231186                        28
   287093.20358231186                        28
   288093.20358231186                        28
   289093.20358231186                        28
   290093.20358231186                        29
   291093.20358231186                        29
   292093.20358231186                        29
   293093.20358231186                        29
   294093.20358231186                        30
   295093.20358231186                        30
   296093.20358231186                        30
   297093.20358231186                        30
   298093.20358231186                        31
   299093.20358231186                        31
   300093.20358231186                        31
   301093.20358231186                        31
   302093.20358231186                        32
   303093.20358231186                        32
   304093.20358231186                        32
   305093.20358231186                        33
   306093.20358231186                        33
   307093.20358231186                        33
   308093.20358231186                        34
   309093.20358231186                        34
   310093.20358231186                        34
   311093.20358231186                        35
   312093.20358231186                        35
   313093.20358231186                        35
   314093.20358231186                        36
   315093.20358231186                        36
   316093.20358231186                        36
   317093.20358231186                        37
   318093.20358231186                        37
   319093.20358231186                        38
   320093.20358231186                        38
   321093.20358231186                        38
   322093.20358231186                        39
   323093.20358231186                        39
   324093.20358231186                        40
   325093.20358231186                        40
   326093.20358231186                        41
   327093.20358231186                        34
   327993.20358231186                        35
   328893.20358231186                        35
   329793.20358231186                        35
   330693.20358231186                        36
   331593.20358231186                        36
   332493.20358231186                        36
   333393.20358231186                        36
   334293.20358231186                        37
   335193.20358231186                        37
   336093.20358231186                        37
   336993.20358231186                        38
   337893.20358231186                        38
   338793.20358231186                        38
   339693.20358231186                        39
   340593.20358231186                        39
   341493.20358231186                        39
   342393.20358231186                        40
   343293.20358231186                        40
   344193.20358231186                        40
   345093.20358231186                        41
   345993.20358231186                        34
   346803.20358231186                        34
   347613.20358231186                        35
   348423.20358231186                        35
   349233.20358231186                        35
   350043.20358231186                        35
   350853.20358231186                        36
   351663.20358231186                        36
   352473.20358231186                        36
   353283.20358231186                        36
   354093.20358231186                        36
   354903.20358231186                        37
   355713.20358231186                        37
   356523.20358231186                        37
   357333.20358231186                        37
   358143.20358231186                        38
   358953.20358231186                        38
   359763.20358231186                        38
   360573.20358231186                        38
   361383.20358231186                        39
   362193.20358231186                        39
   363003.20358231186                        39
   363813.20358231186                        39
   364623.20358231186                        40
   365433.20358231186                        40
   366243.20358231186                        40
   367053.20358231186                        40
   367863.20358231186                        41
   368673.20358231186                        33
   369402.20358231186                        34
   370131.20358231186                        34
   370860.20358231186                        34
   371589.20358231186                        34
   372318.20358231186                        34
   373047.20358231186                        34
   373776.20358231186                        35
   374505.20358231186                        35
   375234.20358231186                        35
   375963.20358231186                        35
   376692.20358231186                        35
   377421.20358231186                        35
   378150.20358231186                        35
   378879.20358231186                        36
   379608.20358231186                        36
   380337.20358231186                        36
   381066.20358231186                        36
   381795.20358231186                        36
   382524.20358231186                        36
   383253.20358231186                        36
   383982.20358231186                        37
   384711.20358231186                        37
   385440.20358231186                        37
   386169.20358231186                        37
   386898.20358231186                        37
   387627.20358231186                        37
   388356.20358231186                        38
   389085.20358231186                        38
   389814.20358231186                        38
   390543.20358231186                        38
   391272.20358231186                        38
   392001.20358231186                        38
   392730.20358231186                        38
   393459.20358231186                        39
   394188.20358231186                        39
   394917.20358231186                        39
   395646.20358231186                        39
   396375.20358231186                        39
   397104.20358231186                        39
   397833.20358231186                        40
   398562.20358231186                        40
   399291.20358231186                        40
   400020.20358231186                        40
   400749.20358231186                        40
   401478.20358231186                        40
   402207.20358231186                        40
   402936.20358231186                        41
   403665.20358231186                        33
   404321.30358231184                        33
   404977.40358231182                        33
   405633.50358231179                        33
   406289.60358231177                        33
   406945.70358231175                        33
   407601.80358231172                        33
   408257.90358231170                        33
   408914.00358231168                        33
   409570.10358231165                        33
   410226.20358231163                        33
   410882.30358231161                        33
   411538.40358231158                        34
   412194.50358231156                        34
   412850.60358231154                        34
   413506.70358231151                        34
   414162.80358231149                        34
   414818.90358231147                        34
   415475.00358231144                        34
   416131.10358231142                        34
   416787.20358231140                        34
   417443.30358231138                        34
   418099.40358231135                        34
   418755.50358231133                        34
   419411.60358231131                        34
   420067.70358231128                        34
   420723.80358231126                        34
   421379.90358231124                        35
   422036.00358231121                        35
   422692.10358231119                        35
   423348.20358231117                        35
   424004.30358231114                        35
   424660.40358231112                        35
   425316.50358231110                        35
   425972.60358231107                        35
   426628.70358231105                        35
   427284.80358231103                        35
   427940.90358231100                        35
   428597.00358231098                        35
   429253.10358231096                        35
   429909.20358231093                        35
   430565.30358231091                        35
   431221.40358231089                        35
   431877.50358231086                        35
   432533.60358231084                        35
   433189.70358231082                        35
   433845.80358231079                        36
   434501.90358231077                        36
   435158.00358231075                        36
   435814.10358231072                        36
   436470.20358231070                        36
   437126.30358231068                        36
   437782.40358231065                        36
   438438.50358231063                        36
   439094.60358231061                        36
   439750.70358231058                        36
   440406.80358231056                        36
   441062.90358231054                        36
   441719.00358231051                        36
   442375.10358231049                        36
   443031.20358231047                        36
   443687.30358231044                        36
   444343.40358231042                        36
   444999.50358231040                        36
   445655.60358231037                        36
   446311.70358231035                        36
   446967.80358231033                        36
   447623.90358231030                        36
   448280.00358231028                        36
   448936.10358231026                        36
   449592.20358231023                        36
   450248.30358231021                        36
   450904.40358231019                        36
   451560.50358231016                        36
   452216.60358231014                        36
   452872.70358231012                        36
   453528.80358231009                        36
   454184.90358231007                        36
   454841.00358231005                        36
   455497.10358231002                        36
   456153.20358231000                        36
   456809.30358230998                        35
   457465.40358230995                        35
   458121.50358230993                        35
   458777.60358230991                        35
   459433.70358230988                        35
   460089.80358230986                        35
   460745.90358230984                        35
   461402.00358230982                        35
   462058.10358230979                        34
   462714.20358230977                        34
   463370.30358230975                        34
   464026.40358230972                        34
   464682.50358230970                        33
   465338.60358230968                        33
   465994.70358230965                        33
   466650.80358230963                        32
   467306.90358230961                        32
   467963.00358230958                        31
   468619.10358230956                        30
   469275.20358230954                        29
   469931.30358230951                        28
   470587.40358230949                        26
   471243.50358230947                        21
   471899.60358230944                        32
   472595.06958230946                        34
   473290.53558230947                        36
   473986.00158230949                        38
   474681.46758230950                        39
   475376.93358230952                        40
   476072.39958230953                        41
   476767.86558230955                        29
   477393.78498230956                        30
   478019.70438230957                        30
   478645.62378230959                        31
   479271.54318230960                        31
   479897.46258230961                        31
   480523.38198230963                        32
   481149.30138230964                        32
   481775.22078230965                        32
   482401.14018230967                        33
   483027.05958230968                        33
   483652.97898230969                        33
   484278.89838230971                        33
   484904.81778230972                        34
   485530.73718230973                        34
   486156.65658230975                        34
   486782.57598230976                        34
   487408.49538230977                        35
   488034.41478230979                        35
   488660.33418230980                        35
   489286.25358230982                        35
   489912.17298230983                        36
   490538.09238230984                        36
   491164.01178230986                        36
   491789.93118230987                        36
   492415.85058230988                        36
   493041.76998230990                        37
   493667.68938230991                        37
   494293.60878230992                        37
   494919.52818230994                        37
   495545.44758230995                        37
   496171.36698230996                        37
   496797.28638230998                        38
   497423.20578230999                        38
   498049.12518231000                        38
   498675.04458231002                        38
   499300.96398231003                        38
   499926.88338231004                        39
   500552.80278231006                        39
   501178.72218231007                        39
   501804.64158231008                        39
   502430.56098231010                        39
   503056.48038231011                        39
   503682.39978231012                        39
   504308.31918231014                        40
   504934.23858231015                        40
   505560.15798231016                        40
   506186.07738231018                        40
   506811.99678231019                        40
   507437.91618231020                        40
   508063.83558231022                        41
   508689.75498231023                        31
   509253.08244231023                        31
   509816.40990231023                        31
   510379.73736231023                        31
   510943.06482231023                        31
   511506.39228231023                        31
   512069.71974231023                        31
   512633.04720231023                        31
   513196.37466231023                        31
   513759.70212231023                        31
   514323.02958231024                        31
   514886.35704231024                        31
   515449.68450231024                        32
   516013.01196231024                        32
   516576.33942231024                        32
   517139.66688231024                        32
   517702.99434231024                        32
   518266.32180231024                        32
   518829.64926231024                        32
   519392.97672231024                        32
   519956.30418231024                        32
   520519.63164231024                        32
   521082.95910231024                        32
   521646.28656231024                        32
   522209.61402231024                        32
   522772.94148231024                        32
   523336.26894231024                        33
   523899.59640231024                        33
   524462.92386231024                        33
   525026.25132231019                        33
   525589.57878231013                        33
   526152.90624231007                        33
   526716.23370231001                        33
   527279.56116230995                        33
   527842.88862230990                        33
   528406.21608230984                        33
   528969.54354230978                        33
   529532.87100230972                        33
   530096.19846230967                        33
   530659.52592230961                        33
   531222.85338230955                        33
   531786.18084230949                        34
   532349.50830230943                        34
   532912.83576230938                        34
   533476.16322230932                        34
   534039.49068230926                        34
   534602.81814230920                        34
   535166.14560230915                        34
   535729.47306230909                        34
   536292.80052230903                        34
   536856.12798230897                        34
   537419.45544230891                        34
   537982.78290230886                        34
   538546.11036230880                        34
   539109.43782230874                        34
   539672.76528230868                        34
   540236.09274230863                        34
   540799.42020230857                        35
   541362.74766230851                        35
   541926.07512230845                        35
   542489.40258230839                        35
   543052.73004230834                        35
   543616.05750230828                        35
   544179.38496230822                        35
   544742.71242230816                        35
   545306.03988230811                        35
   545869.36734230805                        35
   546432.69480230799                        35
   546996.02226230793                        35
   547559.34972230787                        35
   548122.67718230782                        35
   548686.00464230776                        35
   549249.33210230770                        35
   549812.65956230764                        35
   550375.98702230758                        36
   550939.31448230753                        36
   551502.64194230747                        36
   552065.96940230741                        36
   552629.29686230735                        36
   553192.62432230730                        36
   553755.95178230724                        36
   554319.27924230718                        36
   554882.60670230712                        36
   555445.93416230706                        36
   556009.26162230701                        36
   556572.58908230695                        36
   557135.91654230689                        36
   557699.24400230683                        36
   558262.57146230678                        36
   558825.89892230672                        36
   559389.22638230666                        36
   559952.55384230660                        36
   560515.88130230654                        37
   561079.20876230649                        37
   561642.53622230643                        37
   562205.86368230637                        37
   562769.19114230631                        37
   563332.51860230626                        37
   563895.84606230620                        37
   564459.17352230614                        37
   565022.50098230608                        37
   565585.82844230602                        37
   566149.15590230597                        37
   566712.48336230591                        37
   567275.81082230585                        37
   567839.13828230579                        37
   568402.46574230574                        37
   568965.79320230568                        37
   569529.12066230562                        37
   570092.44812230556                        37
   570655.77558230550                        37
   571219.10304230545                        37
   571782.43050230539                        38
   572345.75796230533                        38
   572909.08542230527                        38
   573472.41288230522                        38
   574035.74034230516                        38
   574599.06780230510                        38
   575162.39526230504                        38
   575725.72272230498                        38
   576289.05018230493                        38
   576852.37764230487                        38
   577415.70510230481                        38
   577979.03256230475                        38
   578542.36002230470                        38
   579105.68748230464                        38
   579669.01494230458                        38
   580232.34240230452                        38
   580795.66986230446                        38
   581358.99732230441                        38
   581922.32478230435                        38
   582485.65224230429                        38
   583048.97970230423                        39
   583612.30716230418                        39
   584175.63462230412                        39
   584738.96208230406                        39
   585302.28954230400                        39
   585865.61700230394                        39
   586428.94446230389                        39
   586992.27192230383                        39
   587555.59938230377                        39
   588118.92684230371                        39
   588682.25430230366                        39
   589245.58176230360                        39
   589808.90922230354                        39
   590372.23668230348                        39
   590935.56414230342                        39
   591498.89160230337                        39
   592062.21906230331                        39
   592625.54652230325                        39
   593188.87398230319                        39
   593752.20144230314                        39
   594315.52890230308                        39
   594878.85636230302                        39
   595442.18382230296                        40
   596005.51128230290                        40
   596568.83874230285                        40
   597132.16620230279                        40
   597695.49366230273                        40
   598258.82112230267                        40
   598822.14858230262                        40
   599385.47604230256                        40
   599948.80350230250                        40
   600512.13096230244                        40
   601075.45842230238                        40
   601638.78588230233                        40
   602202.11334230227                        40
   602765.44080230221                        40
   603328.76826230215                        40
   603892.09572230210                        40
   604455.42318230204                        40
   605018.75064230198                        40
   605582.07810230192                        40
   606145.40556230186                        40
   606708.73302230181                        40
   607272.06048230175                        40
   607835.38794230169                        40
   608398.71540230163                        41
   608962.04286230158                        31
   609469.03757630161                        31
   609976.03229030163                        31
   610483.02700430166                        31
   610990.02171830169                        31
   611497.01643230172                        31
   612004.01114630175                        31
   612511.00586030178                        31
   613018.00057430181                        31
   613524.99528830184                        31
   614031.99000230187                        31
   614538.98471630190                        31
   615045.97943030193                        31
   615552.97414430196                        31
   616059.96885830199                        31
   616566.96357230202                        31
   617073.95828630205                        31
   617580.95300030208                        31
   618087.94771430211                        31
   618594.94242830214                        31
   619101.93714230217                        31
   619608.93185630220                        31
   620115.92657030222                        31
   620622.92128430225                        31
   621129.91599830228                        31
   621636.91071230231                        31
   622143.90542630234                        31
   622650.90014030237                        31
   623157.89485430240                        31
   623664.88956830243                        31
   624171.88428230246                        31
   624678.87899630249                        31
   625185.87371030252                        31
   625692.86842430255                        31
   626199.86313830258                        31
   626706.85785230261                        31
   627213.85256630264                        31
   627720.84728030267                        31
   628227.84199430270                        31
   628734.83670830273                        31
   629241.83142230276                        31
   629748.82613630279                        31
   630255.82085030281                        31
   630762.81556430284                        31
   631269.81027830287                        32
   631776.80499230290                        32
   632283.79970630293                        32
   632790.79442030296                        32
   633297.78913430299                        32
   633804.78384830302                        32
   634311.77856230305                        32
   634818.77327630308                        32
   635325.76799030311                        32
   635832.76270430314                        32
   636339.75741830317                        32
   636846.75213230320                        32
   637353.74684630323                        32
   637860.74156030326                        32
   638367.73627430329                        32
   638874.73098830332                        32
   639381.72570230335                        32
   639888.72041630337                        32
   640395.71513030340                        32
   640902.70984430343                        32
   641409.70455830346                        32
   641916.69927230349                        32
   642423.69398630352                        32
   642930.68870030355                        32
   643437.68341430358                        32
   643944.67812830361                        32
   644451.67284230364                        32
   644958.66755630367                        32
   645465.66227030370                        32
   645972.65698430373                        32
   646479.65169830376                        32
   646986.64641230379                        32
   647493.64112630382                        32
   648000.63584030385                        32
   648507.63055430388                        32
   649014.62526830391                        32
   649521.61998230394                        32
   650028.61469630396                        32
   650535.60941030399                        32
   651042.60412430402                        32
   651549.59883830405                        32
   652056.59355230408                        32
   652563.58826630411                        32
   653070.58298030414                        32
   653577.57769430417                        32
   654084.57240830420                        32
   654591.56712230423                        32
   655098.56183630426                        32
   655605.55655030429                        32
   656112.55126430432                        32
   656619.54597830435                        32
   657126.54069230438                        32
   657633.53540630441                        32
   658140.53012030444                        32
   658647.52483430447                        32
   659154.51954830450                        32
   659661.51426230452                        32
   660168.50897630455                        32
   660675.50369030458                        32
   661182.49840430461                        33
   661689.49311830464                        33
   662196.48783230467                        33
   662703.48254630470                        33
   663210.47726030473                        33
   663717.47197430476                        33
   664224.46668830479                        33
   664731.46140230482                        33
   665238.45611630485                        33
   665745.45083030488                        33
   666252.44554430491                        33
   666759.44025830494                        33
   667266.43497230497                        33
   667773.42968630500                        33
   668280.42440030503                        33
   668787.41911430506                        33
   669294.41382830509                        33
   669801.40854230511                        33
   670308.40325630514                        33
   670815.39797030517                        33
   671322.39268430520                        33
   671829.38739830523                        33
   672336.38211230526                        33
   672843.37682630529                        33
   673350.37154030532                        33
   673857.36625430535                        33
   674364.36096830538                        33
   674871.35568230541                        33
   675378.35039630544                        33
   675885.34511030547                        33
   676392.33982430550                        33
   676899.33453830553                        33
   677406.32925230556                        33
   677913.32396630559                        33
   678420.31868030562                        33
   678927.31339430565                        33
   679434.30810830567                        33
   679941.30282230570                        33
   680448.29753630573                        33
   680955.29225030576                        33
   681462.28696430579                        33
   681969.28167830582                        33
   682476.27639230585                        33
   682983.27110630588                        33
   683490.26582030591                        33
   683997.26053430594                        33
   684504.25524830597                        33
   685011.24996230600                        33
   685518.24467630603                        33
   686025.23939030606                        33
   686532.23410430609                        33
   687039.22881830612                        33
   687546.22353230615                        33
   688053.21824630618                        33
   688560.21296030621                        33
   689067.20767430624                        33
   689574.20238830626                        33
   690081.19710230629                        33
   690588.19181630632                        33
   691095.18653030635                        33
   691602.18124430638                        33
   692109.17595830641                        33
   692616.17067230644                        33
   693123.16538630647                        33
   693630.16010030650                        33
   694137.15481430653                        33
   694644.14952830656                        33
   695151.14424230659                        33
   695658.13895630662                        33
   696165.13367030665                        33
   696672.12838430668                        34
   697179.12309830671                        34
   697686.11781230674                        34
   698193.11252630677                        34
   698700.10724030680                        34
   699207.10195430683                        34
   699714.09666830685                        34
   700221.09138230688                        34
   700728.08609630691                        34
   701235.08081030694                        34
   701742.07552430697                        34
   702249.07023830700                        34
   702756.06495230703                        34
   703263.05966630706                        34
   703770.05438030709                        34
   704277.04909430712                        34
   704784.04380830715                        34
   705291.03852230718                        34
   705798.03323630721                        34
   706305.02795030724                        34
   706812.02266430727                        34
   707319.01737830730                        34
   707826.01209230733                        34
   708333.00680630736                        34
   708840.00152030739                        34
   709346.99623430741                        34
   709853.99094830744                        34
   710360.98566230747                        34
   710867.98037630750                        34
   711374.97509030753                        34
   711881.96980430756                        34
   712388.96451830759                        34
   712895.95923230762                        34
   713402.95394630765                        34
   713909.94866030768                        34
   714416.94337430771                        34
   714923.93808830774                        34
   715430.93280230777                        34
   715937.92751630780                        34
   716444.92223030783                        34
   716951.91694430786                        34
   717458.91165830789                        34
   717965.90637230792                        34
   718472.90108630795                        34
   718979.89580030798                        34
   719486.89051430800                        34
   719993.88522830803                        34
   720500.87994230806                        34
   721007.87465630809                        34
   721514.86937030812                        34
   722021.86408430815                        34
   722528.85879830818                        34
   723035.85351230821                        34
   723542.84822630824                        34
   724049.84294030827                        34
   724556.83765430830                        34
   725063.83236830833                        34
   725570.82708230836                        34
   726077.82179630839                        34
   726584.81651030842                        34
   727091.81122430845                        34
   727598.80593830848                        34
   728105.80065230851                        34
   728612.79536630854                        34
   729119.79008030856                        34
   729626.78479430859                        34
   730133.77950830862                        34
   730640.77422230865                        34
   731147.76893630868                        34
   731654.76365030871                        34
   732161.75836430874                        34
   732668.75307830877                        34
   733175.74779230880                        34
   733682.74250630883                        34
   734189.73722030886                        34
   734696.73193430889                        34
   735203.72664830892                        34
   735710.72136230895                        34
   736217.71607630898                        34
   736724.71079030901                        34
   737231.70550430904                        34
   737738.70021830907                        34
   738245.69493230910                        34
   738752.68964630913                        34
   739259.68436030915                        34
   739766.67907430918                        34
   740273.67378830921                        35
   740780.66850230924                        35
   741287.66321630927                        35
   741794.65793030930                        35
   742301.65264430933                        35
   742808.64735830936                        35
   743315.64207230939                        35
   743822.63678630942                        35
   744329.63150030945                        35
   744836.62621430948                        35
   745343.62092830951                        35
   745850.61564230954                        35
   746357.61035630957                        35
   746864.60507030960                        35
   747371.59978430963                        35
   747878.59449830966                        35
   748385.58921230969                        35
   748892.58392630972                        35
   749399.57864030974                        35
   749906.57335430977                        35
   750413.56806830980                        35
   750920.56278230983                        35
   751427.55749630986                        35
   751934.55221030989                        35
   752441.54692430992                        35
   752948.54163830995                        35
   753455.53635230998                        35
   753962.53106631001                        35
   754469.52578031004                        35
   754976.52049431007                        35
   755483.51520831010                        35
   755990.50992231013                        35
   756497.50463631016                        35
   757004.49935031019                        35
   757511.49406431022                        35
   758018.48877831025                        35
   758525.48349231028                        35
   759032.47820631030                        35
   759539.47292031033                        35
   760046.46763431036                        35
   760553.46234831039                        35
   761060.45706231042                        35
   761567.45177631045                        35
   762074.44649031048                        35
   762581.44120431051                        35
   763088.43591831054                        35
   763595.43063231057                        35
   764102.42534631060                        35
   764609.42006031063                        35
   765116.41477431066                        35
   765623.40948831069                        35
   766130.40420231072                        35
   766637.39891631075                        35
   767144.39363031078                        35
   767651.38834431081                        35
   768158.38305831084                        35
   768665.37777231087                        35
   769172.37248631089                        35
   769679.36720031092                        35
   770186.36191431095                        35
   770693.35662831098                        35
   771200.35134231101                        35
   771707.34605631104                        35
   772214.34077031107                        35
   772721.33548431110                        35
   773228.33019831113                        35
   773735.32491231116                        35
   774242.31962631119                        35
   774749.31434031122                        35
   775256.30905431125                        35
   775763.30376831128                        35
   776270.29848231131                        35
   776777.29319631134                        35
   777284.28791031137                        35
   777791.28262431140                        35
   778298.27733831143                        35
   778805.27205231145                        35
   779312.26676631148                        35
   779819.26148031151                        35
   780326.25619431154                        35
   780833.25090831157                        35
   781340.24562231160                        35
   781847.24033631163                        35
   782354.23505031166                        35
   782861.22976431169                        35
   783368.22447831172                        35
   783875.21919231175                        35
   784382.21390631178                        35
   784889.20862031181                        35
   785396.20333431184                        35
   785903.19804831187                        35
   786410.19276231190                        35
   786917.18747631193                        35
   787424.18219031196                        35
   787931.17690431199                        35
   788438.17161831202                        35
   788945.16633231204                        35
   789452.16104631207                        35
   789959.15576031210                        35
   790466.15047431213                        35
   790973.14518831216                        35
   791480.13990231219                        35
   791987.13461631222                        35
   792494.12933031225                        35
   793001.12404431228                        35
   793508.11875831231                        35
   794015.11347231234                        35
   794522.10818631237                        35
   795029.10290031240                        35
   795536.09761431243                        36
   796043.09232831246                        36
   796550.08704231249                        36
   797057.08175631252                        36
   797564.07647031255                        36
   798071.07118431258                        36
   798578.06589831260                        36
   799085.06061231263                        36
   799592.05532631266                        36
   800099.05004031269                        36
   800606.04475431272                        36
   801113.03946831275                        36
   801620.03418231278                        36
   802127.02889631281                        36
   802634.02361031284                        36
   803141.01832431287                        36
   803648.01303831290                        36
   804155.00775231293                        36
   804662.00246631296                        36
   805168.99718031299                        36
   805675.99189431302                        36
   806182.98660831305                        36
   806689.98132231308                        36
   807196.97603631311                        36
   807703.97075031314                        36
   808210.96546431317                        36
   808717.96017831319                        36
   809224.95489231322                        36
   809731.94960631325                        36
   810238.94432031328                        36
   810745.93903431331                        36
   811252.93374831334                        36
   811759.92846231337                        36
   812266.92317631340                        36
   812773.91789031343                        36
   813280.91260431346                        36
   813787.90731831349                        36
   814294.90203231352                        36
   814801.89674631355                        36
   815308.89146031358                        36
   815815.88617431361                        36
   816322.88088831364                        36
   816829.87560231367                        36
   817336.87031631370                        36
   817843.86503031373                        36
   818350.85974431376                        36
   818857.85445831378                        36
   819364.84917231381                        36
   819871.84388631384                        36
   820378.83860031387                        36
   820885.83331431390                        36
   821392.82802831393                        36
   821899.82274231396                        36
   822406.81745631399                        36
   822913.81217031402                        36
   823420.80688431405                        36
   823927.80159831408                        36
   824434.79631231411                        36
   824941.79102631414                        36
   825448.78574031417                        36
   825955.78045431420                        36
   826462.77516831423                        36
   826969.76988231426                        36
   827476.76459631429                        36
   827983.75931031432                        36
   828490.75402431434                        36
   828997.74873831437                        36
   829504.74345231440                        36
   830011.73816631443                        36
   830518.73288031446                        36
   831025.72759431449                        36
   831532.72230831452                        36
   832039.71702231455                        36
   832546.71173631458                        36
   833053.70645031461                        36
   833560.70116431464                        36
   834067.69587831467                        36
   834574.69059231470                        36
   835081.68530631473                        36
   835588.68002031476                        36
   836095.67473431479                        36
   836602.66944831482                        36
   837109.66416231485                        36
   837616.65887631488                        36
   838123.65359031491                        36
   838630.64830431493                        36
   839137.64301831496                        36
   839644.63773231499                        36
   840151.63244631502                        36
   840658.62716031505                        36
   841165.62187431508                        36
   841672.61658831511                        36
   842179.61130231514                        36
   842686.60601631517                        36
   843193.60073031520                        36
   843700.59544431523                        36
   844207.59015831526                        36
   844714.58487231529                        36
   845221.57958631532                        36
   845728.57430031535                        36
   846235.56901431538                        36
   846742.56372831541                        36
   847249.55844231544                        36
   847756.55315631547                        36
   848263.54787031549                        36
   848770.54258431552                        36
   849277.53729831555                        36
   849784.53201231558                        36
   850291.52672631561                        36
   850798.52144031564                        36
   851305.51615431567                        36
   851812.51086831570                        36
   852319.50558231573                        36
   852826.50029631576                        36
   853333.49501031579                        36
   853840.48972431582                        36
   854347.48443831585                        36
   854854.47915231588                        36
   855361.47386631591                        36
   855868.46858031594                        36
   856375.46329431597                        36
   856882.45800831600                        36
   857389.45272231603                        36
   857896.44743631606                        36
   858403.44215031608                        36
   858910.43686431611                        36
   859417.43157831614                        36
   859924.42629231617                        36
   860431.42100631620                        36
   860938.41572031623                        36
   861445.41043431626                        36
   861952.40514831629                        36
   862459.39986231632                        36
   862966.39457631635                        36
   863473.38929031638                        36
   863980.38400431641                        36
   864487.37871831644                        36
   864994.37343231647                        36
   865501.36814631650                        36
   866008.36286031653                        36
   866515.35757431656                        36
   867022.35228831659                        36
   867529.34700231662                        36
   868036.34171631665                        36
   868543.33643031667                        36
   869050.33114431670                        36
   869557.32585831673                        36
   870064.32057231676                        36
   870571.31528631679                        36
   871078.31000031682                        37
   871585.30471431685                        37
   872092.29942831688                        37
   872599.29414231691                        37
   873106.28885631694                        37
   873613.28357031697                        37
   874120.27828431700                        37
   874627.27299831703                        37
   875134.26771231706                        37
   875641.26242631709                        37
   876148.25714031712                        37
   876655.25185431715                        37
   877162.24656831718                        37
   877669.24128231721                        37
   878176.23599631723                        37
   878683.23071031726                        37
   879190.22542431729                        37
   879697.22013831732                        37
   880204.21485231735                        37
   880711.20956631738                        37
   881218.20428031741                        37
   881725.19899431744                        37
   882232.19370831747                        37
   882739.18842231750                        37
   883246.18313631753                        37
   883753.17785031756                        37
   884260.17256431759                        37
   884767.16727831762                        37
   885274.16199231765                        37
   885781.15670631768                        37
   886288.15142031771                        37
   886795.14613431774                        37
   887302.14084831777                        37
   887809.13556231780                        37
   888316.13027631782                        37
   888823.12499031785                        37
   889330.11970431788                        37
   889837.11441831791                        37
   890344.10913231794                        37
   890851.10384631797                        37
   891358.09856031800                        37
   891865.09327431803                        37
   892372.08798831806                        37
   892879.08270231809                        37
   893386.07741631812                        37
   893893.07213031815                        37
   894400.06684431818                        37
   894907.06155831821                        37
   895414.05627231824                        37
   895921.05098631827                        37
   896428.04570031830                        37
   896935.04041431833                        37
   897442.03512831836                        37
   897949.02984231838                        37
   898456.02455631841                        37
   898963.01927031844                        37
   899470.01398431847                        37
   899977.00869831850                        37
   900484.00341231853                        37
   900990.99812631856                        37
   901497.99284031859                        37
   902004.98755431862                        37
   902511.98226831865                        37
   903018.97698231868                        37
   903525.97169631871                        37
   904032.96641031874                        37
   904539.96112431877                        37
   905046.95583831880                        37
   905553.95055231883                        37
   906060.94526631886                        37
   906567.93998031889                        37
   907074.93469431892                        37
   907581.92940831895                        37
   908088.92412231897                        37
   908595.91883631900                        37
   909102.91355031903                        37
   909609.90826431906                        37
   910116.90297831909                        37
   910623.89769231912                        37
   911130.89240631915                        37
   911637.88712031918                        37
   912144.88183431921                        37
   912651.87654831924                        37
   913158.87126231927                        37
   913665.86597631930                        37
   914172.86069031933                        37
   914679.85540431936                        37
   915186.85011831939                        37
   915693.84483231942                        37
   916200.83954631945                        37
   916707.83426031948                        37
   917214.82897431951                        37
   917721.82368831953                        37
   918228.81840231956                        37
   918735.81311631959                        37
   919242.80783031962                        37
   919749.80254431965                        37
   920256.79725831968                        37
   920763.79197231971                        37
   921270.78668631974                        37
   921777.78140031977                        37
   922284.77611431980                        37
   922791.77082831983                        37
   923298.76554231986                        37
   923805.76025631989                        37
   924312.75497031992                        37
   924819.74968431995                        37
   925326.74439831998                        37
   925833.73911232001                        37
   926340.73382632004                        37
   926847.72854032007                        37
   927354.72325432010                        37
   927861.71796832012                        37
   928368.71268232015                        37
   928875.70739632018                        37
   929382.70211032021                        37
   929889.69682432024                        37
   930396.69153832027                        37
   930903.68625232030                        37
   931410.68096632033                        37
   931917.67568032036                        37
   932424.67039432039                        37
   932931.66510832042                        37
   933438.65982232045                        37
   933945.65453632048                        37
   934452.64925032051                        37
   934959.64396432054                        37
   935466.63867832057                        37
   935973.63339232060                        37
   936480.62810632063                        37
   936987.62282032066                        37
   937494.61753432069                        37
   938001.61224832071                        37
   938508.60696232074                        37
   939015.60167632077                        37
   939522.59639032080                        37
   940029.59110432083                        37
   940536.58581832086                        37
   941043.58053232089                        37
   941550.57524632092                        37
   942057.56996032095                        37
   942564.56467432098                        37
   943071.55938832101                        37
   943578.55410232104                        37
   944085.54881632107                        37
   944592.54353032110                        37
   945099.53824432113                        37
   945606.53295832116                        37
   946113.52767232119                        37
   946620.52238632122                        37
   947127.51710032125                        37
   947634.51181432127                        37
   948141.50652832130                        37
   948648.50124232133                        37
   949155.49595632136                        37
   949662.49067032139                        37
   950169.48538432142                        37
   950676.48009832145                        37
   951183.47481232148                        37
   951690.46952632151                        37
   952197.46424032154                        37
   952704.45895432157                        37
   953211.45366832160                        37
   953718.44838232163                        37
   954225.44309632166                        37
   954732.43781032169                        37
   955239.43252432172                        37
   955746.42723832175                        37
   956253.42195232178                        37
   956760.41666632181                        37
   957267.41138032184                        37
   957774.40609432186                        37
   958281.40080832189                        37
   958788.39552232192                        37
   959295.39023632195                        37
   959802.38495032198                        37
   960309.37966432201                        37
   960816.37437832204                        37
   961323.36909232207                        37
   961830.36380632210                        37
   962337.35852032213                        37
   962844.35323432216                        37
   963351.34794832219                        37
   963858.34266232222                        37
   964365.33737632225                        37
   964872.33209032228                        37
   965379.32680432231                        37
   965886.32151832234                        37
   966393.31623232237                        37
   966900.31094632240                        37
   967407.30566032242                        37
   967914.30037432245                        37
   968421.29508832248                        37
   968928.28980232251                        37
   969435.28451632254                        37
   969942.27923032257                        37
   970449.27394432260                        37
   970956.26865832263                        37
   971463.26337232266                        37
   971970.25808632269                        37
   972477.25280032272                        37
   972984.24751432275                        37
   973491.24222832278                        37
   973998.23694232281                        37
   974505.23165632284                        37
   975012.22637032287                        37
   975519.22108432290                        37
   976026.21579832293                        37
   976533.21051232296                        37
   977040.20522632299                        37
   977547.19994032301                        37
   978054.19465432304                        37
   978561.18936832307                        37
   979068.18408232310                        37
   979575.17879632313                        37
   980082.17351032316                        37
   980589.16822432319                        37
   981096.16293832322                        37
   981603.15765232325                        37
   982110.15236632328                        37
   982617.14708032331                        37
   983124.14179432334                        37
   983631.13650832337                        37
   984138.13122232340                        37
   984645.12593632343                        37
   985152.12065032346                        37
   985659.11536432349                        37
   986166.11007832352                        37
   986673.10479232355                        37
   987180.09950632358                        37
   987687.09422032360                        37
   988194.08893432363                        37
   988701.08364832366                        37
   989208.07836232369                        37
   989715.07307632372                        37
   990222.06779032375                        37
   990729.06250432378                        37
   991236.05721832381                        37
   991743.05193232384                        37
   992250.04664632387                        37
   992757.04136032390                        37
   993264.03607432393                        37
   993771.03078832396                        37
   994278.02550232399                        37
   994785.02021632402                        37
   995292.01493032405                        37
   995799.00964432408                        37
   996306.00435832411                        37
   996812.99907232414                        37
   997319.99378632416                        37
   997826.98850032419                        37
   998333.98321432422                        38
   998840.97792832425                        38
   999347.97264232428                        38
   999854.96735632431                        38
   1000361.9620703243                        38
   1000868.9567843244                        38
   1001375.9514983244                        38
   1001882.9462123244                        38
   1002389.9409263245                        38
   1002896.9356403245                        38
   1003403.9303543245                        38
   1003910.9250683245                        38
   1004417.9197823246                        38
   1004924.9144963246                        38
   1005431.9092103246                        38
   1005938.9039243247                        38
   1006445.8986383247                        38
   1006952.8933523247                        38
   1007459.8880663248                        38
   1007966.8827803248                        38
   1008473.8774943248                        38
   1008980.8722083248                        38
   1009487.8669223249                        38
   1009994.8616363249                        38
   1010501.8563503249                        38
   1011008.8510643250                        38
   1011515.8457783250                        38
   1012022.8404923250                        38
   1012529.8352063250                        38
   1013036.8299203251                        38
   1013543.8246343251                        38
   1014050.8193483251                        38
   1014557.8140623252                        38
   1015064.8087763252                        38
   1015571.8034903252                        38
   1016078.7982043253                        38
   1016585.7929183253                        38
   1017092.7876323253                        38
   1017599.7823463253                        38
   1018106.7770603254                        38
   1018613.7717743254                        38
   1019120.7664883254                        38
   1019627.7612023255                        38
   1020134.7559163255                        38
   1020641.7506303255                        38
   1021148.7453443256                        38
   1021655.7400583256                        38
   1022162.7347723256                        38
   1022669.7294863256                        38
   1023176.7242003257                        38
   1023683.7189143257                        38
   1024190.7136283257                        38
   1024697.7083423258                        38
   1025204.7030563258                        38
   1025711.6977703258                        38
   1026218.6924843258                        38
   1026725.6871983259                        38
   1027232.6819123259                        38
   1027739.6766263259                        38
   1028246.6713403260                        38
   1028753.6660543260                        38
   1029260.6607683260                        38
   1029767.6554823261                        38
   1030274.6501963261                        38
   1030781.6449103261                        38
   1031288.6396243261                        38
   1031795.6343383262                        38
   1032302.6290523262                        38
   1032809.6237663262                        38
   1033316.6184803263                        38
   1033823.6131943263                        38
   1034330.6079083263                        38
   1034837.6026223263                        38
   1035344.5973363264                        38
   1035851.5920503264                        38
   1036358.5867643264                        38
   1036865.5814783265                        38
   1037372.5761923265                        38
   1037879.5709063265                        38
   1038386.5656203266                        38
   1038893.5603343266                        38
   1039400.5550483266                        38
   1039907.5497623266                        38
   1040414.5444763267                        38
   1040921.5391903267                        38
   1041428.5339043267                        38
   1041935.5286183268                        38
   1042442.5233323268                        38
   1042949.5180463268                        38
   1043456.5127603268                        38
   1043963.5074743269                        38
   1044470.5021883269                        38
   1044977.4969023269                        38
   1045484.4916163270                        38
   1045991.4863303270                        38
   1046498.4810443270                        38
   1047005.4757583271                        38
   1047512.4704723271                        38
   1048019.4651863271                        38
   1048526.4599003271                        38
   1049033.4546143271                        38
   1049540.4493283271                        38
   1050047.4440423271                        38
   1050554.4387563271                        38
   1051061.4334703272                        38
   1051568.4281843272                        38
   1052075.4228983272                        38
   1052582.4176123273                        38
   1053089.4123263273                        38
   1053596.4070403273                        38
   1054103.4017543274                        38
   1054610.3964683274                        38
   1055117.3911823274                        38
   1055624.3858963274                        38
   1056131.3806103275                        38
   1056638.3753243275                        38
   1057145.3700383275                        38
   1057652.3647523276                        38
   1058159.3594663276                        38
   1058666.3541803276                        38
   1059173.3488943276                        38
   1059680.3436083277                        38
   1060187.3383223277                        38
   1060694.3330363277                        38
   1061201.3277503278                        38
   1061708.3224643278                        38
   1062215.3171783278                        38
   1062722.3118923279                        38
   1063229.3066063279                        38
   1063736.3013203279                        38
   1064243.2960343279                        38
   1064750.2907483280                        38
   1065257.2854623280                        38
   1065764.2801763280                        38
   1066271.2748903281                        38
   1066778.2696043281                        38
   1067285.2643183281                        38
   1067792.2590323281                        38
   1068299.2537463282                        38
   1068806.2484603282                        38
   1069313.2431743282                        38
   1069820.2378883283                        38
   1070327.2326023283                        38
   1070834.2273163283                        38
   1071341.2220303284                        38
   1071848.2167443284                        38
   1072355.2114583284                        38
   1072862.2061723284                        38
   1073369.2008863285                        38
   1073876.1956003285                        38
   1074383.1903143285                        38
   1074890.1850283286                        38
   1075397.1797423286                        38
   1075904.1744563286                        38
   1076411.1691703286                        38
   1076918.1638843287                        38
   1077425.1585983287                        38
   1077932.1533123287                        38
   1078439.1480263288                        38
   1078946.1427403288                        38
   1079453.1374543288                        38
   1079960.1321683289                        38
   1080467.1268823289                        38
   1080974.1215963289                        38
   1081481.1163103289                        38
   1081988.1110243290                        38
   1082495.1057383290                        38
   1083002.1004523290                        38
   1083509.0951663291                        38
   1084016.0898803291                        38
   1084523.0845943291                        38
   1085030.0793083292                        38
   1085537.0740223292                        38
   1086044.0687363292                        38
   1086551.0634503292                        38
   1087058.0581643293                        38
   1087565.0528783293                        38
   1088072.0475923293                        38
   1088579.0423063294                        38
   1089086.0370203294                        38
   1089593.0317343294                        38
   1090100.0264483294                        38
   1090607.0211623295                        38
   1091114.0158763295                        38
   1091621.0105903295                        38
   1092128.0053043296                        38
   1092635.0000183296                        38
   1093141.9947323296                        38
   1093648.9894463297                        38
   1094155.9841603297                        38
   1094662.9788743297                        38
   1095169.9735883297                        38
   1095676.9683023298                        38
   1096183.9630163298                        38
   1096690.9577303298                        38
   1097197.9524443299                        38
   1097704.9471583299                        38
   1098211.9418723299                        38
   1098718.9365863299                        38
   1099225.9313003300                        38
   1099732.9260143300                        38
   1100239.9207283300                        38
   1100746.9154423301                        38
   1101253.9101563301                        38
   1101760.9048703301                        38
   1102267.8995843302                        38
   1102774.8942983302                        38
   1103281.8890123302                        38
   1103788.8837263302                        38
   1104295.8784403303                        38
   1104802.8731543303                        38
   1105309.8678683303                        38
   1105816.8625823304                        38
   1106323.8572963304                        38
   1106830.8520103304                        38
   1107337.8467243304                        38
   1107844.8414383305                        38
   1108351.8361523305                        38
   1108858.8308663305                        38
   1109365.8255803306                        38
   1109872.8202943306                        38
   1110379.8150083306                        38
   1110886.8097223307                        38
   1111393.8044363307                        38
   1111900.7991503307                        38
   1112407.7938643307                        38
   1112914.7885783308                        38
   1113421.7832923308                        38
   1113928.7780063308                        38
   1114435.7727203309                        38
   1114942.7674343309                        38
   1115449.7621483309                        38
   1115956.7568623309                        38
   1116463.7515763310                        38
   1116970.7462903310                        38
   1117477.7410043310                        38
   1117984.7357183311                        38
   1118491.7304323311                        38
   1118998.7251463311                        38
   1119505.7198603312                        38
   1120012.7145743312                        38
   1120519.7092883312                        38
   1121026.7040023312                        38
   1121533.6987163313                        38
   1122040.6934303313                        38
   1122547.6881443313                        38
   1123054.6828583314                        38
   1123561.6775723314                        38
   1124068.6722863314                        38
   1124575.6670003315                        38
   1125082.6617143315                        38
   1125589.6564283315                        38
   1126096.6511423315                        38
   1126603.6458563316                        38
   1127110.6405703316                        38
   1127617.6352843316                        38
   1128124.6299983317                        38
   1128631.6247123317                        38
   1129138.6194263317                        38
   1129645.6141403317                        38
   1130152.6088543318                        38
   1130659.6035683318                        38
   1131166.5982823318                        38
   1131673.5929963319                        38
   1132180.5877103319                        38
   1132687.5824243319                        38
   1133194.5771383320                        38
   1133701.5718523320                        38
   1134208.5665663320                        38
   1134715.5612803320                        38
   1135222.5559943321                        38
   1135729.5507083321                        38
   1136236.5454223321                        38
   1136743.5401363322                        38
   1137250.5348503322                        38
   1137757.5295643322                        38
   1138264.5242783322                        38
   1138771.5189923323                        38
   1139278.5137063323                        38
   1139785.5084203323                        38
   1140292.5031343324                        38
   1140799.4978483324                        38
   1141306.4925623324                        38
   1141813.4872763325                        38
   1142320.4819903325                        38
   1142827.4767043325                        38
   1143334.4714183325                        38
   1143841.4661323326                        38
   1144348.4608463326                        38
   1144855.4555603326                        38
   1145362.4502743327                        38
   1145869.4449883327                        38
   1146376.4397023327                        38
   1146883.4344163327                        38
   1147390.4291303328                        38
   1147897.4238443328                        38
   1148404.4185583328                        38
   1148911.4132723329                        38
   1149418.4079863329                        38
   1149925.4027003329                        38
   1150432.3974143330                        38
   1150939.3921283330                        38
   1151446.3868423330                        38
   1151953.3815563330                        38
   1152460.3762703331                        38
   1152967.3709843331                        38
   1153474.3656983331                        38
   1153981.3604123332                        38
   1154488.3551263332                        38
   1154995.3498403332                        38
   1155502.3445543332                        38
   1156009.3392683333                        38
   1156516.3339823333                        38
   1157023.3286963333                        38
   1157530.3234103334                        38
   1158037.3181243334                        38
   1158544.3128383334                        38
   1159051.3075523335                        38
   1159558.3022663335                        38
   1160065.2969803335                        38
   1160572.2916943335                        38
   1161079.2864083336                        38
   1161586.2811223336                        38
   1162093.2758363336                        38
   1162600.2705503337                        38
   1163107.2652643337                        38
   1163614.2599783337                        38
   1164121.2546923338                        38
   1164628.2494063338                        38
   1165135.2441203338                        38
   1165642.2388343338                        38
   1166149.2335483339                        38
   1166656.2282623339                        38
   1167163.2229763339                        38
   1167670.2176903340                        38
   1168177.2124043340                        38
   1168684.2071183340                        38
   1169191.2018323340                        38
   1169698.1965463341                        38
   1170205.1912603341                        38
   1170712.1859743341                        38
   1171219.1806883342                        38
   1171726.1754023342                        38
   1172233.1701163342                        38
   1172740.1648303343                        38
   1173247.1595443343                        38
   1173754.1542583343                        38
   1174261.1489723343                        38
   1174768.1436863344                        38
   1175275.1384003344                        38
   1175782.1331143344                        38
   1176289.1278283345                        38
   1176796.1225423345                        38
   1177303.1172563345                        38
   1177810.1119703345                        38
   1178317.1066843346                        38
   1178824.1013983346                        38
   1179331.0961123346                        38
   1179838.0908263347                        38
   1180345.0855403347                        38
   1180852.0802543347                        38
   1181359.0749683348                        38
   1181866.0696823348                        38
   1182373.0643963348                        38
   1182880.0591103348                        38
   1183387.0538243349                        38
   1183894.0485383349                        38
   1184401.0432523349                        38
   1184908.0379663350                        38
   1185415.0326803350                        38
   1185922.0273943350                        38
   1186429.0221083350                        38
   1186936.0168223351                        38
   1187443.0115363351                        38
   1187950.0062503351                        38
   1188457.0009643352                        38
   1188963.9956783352                        38
   1189470.9903923352                        38
   1189977.9851063353                        38
   1190484.9798203353                        38
   1190991.9745343353                        38
   1191498.9692483353                        38
   1192005.9639623354                        38
   1192512.9586763354                        38
   1193019.9533903354                        38
   1193526.9481043355                        38
   1194033.9428183355                        38
   1194540.9375323355                        38
   1195047.9322463355                        38
   1195554.9269603356                        38
   1196061.9216743356                        38
   1196568.9163883356                        38
   1197075.9111023357                        38
   1197582.9058163357                        38
   1198089.9005303357                        38
   1198596.8952443358                        38
   1199103.8899583358                        38
   1199610.8846723358                        38
   1200117.8793863358                        38
   1200624.8741003359                        38
   1201131.8688143359                        38
   1201638.8635283359                        38
   1202145.8582423360                        38
   1202652.8529563360                        38
   1203159.8476703360                        38
   1203666.8423843361                        38
   1204173.8370983361                        38
   1204680.8318123361                        38
   1205187.8265263361                        38
   1205694.8212403362                        38
   1206201.8159543362                        38
   1206708.8106683362                        38
   1207215.8053823363                        38
   1207722.8000963363                        38
   1208229.7948103363                        38
   1208736.7895243363                        38
   1209243.7842383364                        38
