   0.0000000000000000        1.0000000000000000     
   1.0000000000000000        1.0600000000000001     
   2.0600000000000001        1.1236000000000002     
   3.1836000000000002        1.1910160000000003     
   4.3746160000000005        1.2624769600000003     
   5.6370929600000004        1.3382255776000005     
   6.9753185376000006        1.4185191122560006     
   8.3938376498560014        1.5036302589913606     
   9.8974679088473625        1.5938480745308423     
   11.491315983378204        1.6894789590026928     
   13.180794942380897        1.7908476965428546     
   14.971642638923752        1.8982985583354259     
   16.869941197259177        2.0121964718355514     
   18.882137669094728        2.1329282601456847     
   21.015065929240414        2.2609039557544257     
   23.275969884994840        2.3965581930996915     
   25.672528078094530        2.5403516846856733     
   28.212879762780204        2.6927727857668140     
   30.905652548547017        2.8543391529128228     
   33.759991701459839        3.0255995020875925     
   36.785591203547433        3.2071354722128484     
   39.992726675760281        3.3995636005456196     
   43.392290276305900        3.6035374165783569     
   46.995827692884255        3.8197496615730584     
   50.815577354457311        4.0489346412674418     
   54.864511995724754        4.2918707197434882     
   59.156382715468240        4.5493829629280977     
   63.705765678396340        4.8223459407037836     
   68.528111619100116        5.1116866971460109     
   73.639798316246129        5.4183878989747720     
   79.058186215220900        5.7434911729132585     
   84.801677388134152        6.0881006432880547     
   90.889778031422210        6.4533866818853385     
   97.343164713307544        6.8405898827984588     
   104.18375459610600        7.2510252757663665     
   111.43477987187237        7.6860867923123486     
   119.12086666418472        8.1472519998510897     
   127.26811866403581        8.6360871198421556     
   135.90420578387796        9.1542523470326849     
   145.05845813091065        9.7035074878546457     
   154.76196561876529        10.285717937125925     
   165.04768355589121        10.902861013353482     
   175.95054456924470        11.557032674154691     
   187.50757724339940        12.250454634603972     
   199.75803187800338        12.985481912680211     
   212.74351379068358        13.764610827441023     
   226.50812461812461        14.590487477087486     
   241.09861209521210        15.465916725712736     
   256.56452882092486        16.393871729255501     
   272.95840055018039        17.377504033010833     
   290.33590458319122        18.420154274991486     
   308.75605885818271        19.525363531490974     
   328.28142238967371        20.696885343380433     
   348.97830773305412        21.938698463983261     
   370.91700619703738        23.255020371822258     
   394.17202656885962        24.650321594131594     
   418.82234816299120        26.129340889779492     
   444.95168905277069        27.697101343166263     
   472.64879039593694        29.358927423756242     
   502.00771781969320        31.120463069181618     
   533.12818088887479        32.987690853332516     
   566.11587174220733        34.966952304532469     
   601.08282404673980        37.064969442804419     
   638.14779348954426        39.288867609372687     
   677.43666109891694        41.646199665935050     
   719.08286076485194        44.144971645891154     
   763.22783241074308        46.793669944644627     
   810.02150235538772        49.601290141323304     
   859.62279249671099        52.577367549802702     
   912.20016004651370        55.732009602790868     
   967.93216964930457        59.075930178958323     
   1027.0080998282629        62.620485989695823     
   1089.6285858179588        66.377715149077574     
   1156.0063009670364        70.360378058022235     
   1226.3666790250586        74.582000741503578     
   1300.9486797665622        79.056920785993796     
   1380.0056005525560        83.800336033153428     
   1463.8059365857093        88.828356195142632     
   1552.6342927808519        94.158057566851198     
   1646.7923503477032        99.807541020862274     
   1746.5998913685655        105.79599348211401     
   1852.3958848506795        112.14375309104086     
   1964.5396379417205        118.87237827650333     
   2083.4120162182239        126.00472097309353     
   2209.4167371913172        133.56500423147915     
   2342.9817414227964        141.57890448536790     
   2484.5606459081641        150.07363875448999     
   2634.6342846626540        159.07805707975939     
   2793.7123417424132        168.62274050454496     
   2962.3350822469583        178.74010493481768     
   3141.0751871817761        189.46451123090674     
   3330.5396984126828        200.83238190476115     
   3531.3720803174438        212.88232481904683     
   3744.2544051364907        225.65526430818966     
   3969.9096694446803        239.19458016668105     
   4209.1042496113614        253.54625497668192     
   4462.6505045880431        268.75903027528284     
   4731.4095348633255        284.88457209179984     
   5016.2941069551252        301.97764641730782     
   5318.2717533724335        320.09630520234629     
   5638.3680585747798        339.30208351448709     
   5977.6701420892668        359.66020852535632     
   6337.3303506146231        381.23982103687774     
   6718.5701716515005        404.11421029909042     
   7122.6843819505912        428.36106291703584     
   7551.0454448676273        454.06272669205799     
   8005.1081715596856        481.30649029358148     
   8486.4146618532668        510.18487971119640     
   8996.5995415644629        540.79597249386825     
   9537.3955140583312        573.24373084350032     
   10110.639244901831        607.63835469411038     
   10718.277599595942        644.09665597575702     
   11362.374255571698        682.74245533430246     
   12045.116710906001        723.70700265436062     
   12768.823713560361        767.12942281362234     
   13535.953136373984        813.15718818243977     
   14349.110324556425        861.94661947338625     
   15211.056944029811        913.66341664178947     
   16124.720360671601        968.48322164029685     
   17093.203582311897        1000.0000000000000     
   18093.203582311897        1000.0000000000000     
   19093.203582311897        1000.0000000000000     
   20093.203582311897        1000.0000000000000     
   21093.203582311897        1000.0000000000000     
   22093.203582311897        1000.0000000000000     
   23093.203582311897        1000.0000000000000     
   24093.203582311897        1000.0000000000000     
   25093.203582311897        1000.0000000000000     
   26093.203582311897        1000.0000000000000     
   27093.203582311897        1000.0000000000000     
   28093.203582311897        1000.0000000000000     
   29093.203582311897        1000.0000000000000     
   30093.203582311897        1000.0000000000000     
   31093.203582311897        1000.0000000000000     
   32093.203582311897        1000.0000000000000     
   33093.203582311893        1000.0000000000000     
   34093.203582311893        1000.0000000000000     
   35093.203582311893        1000.0000000000000     
   36093.203582311893        1000.0000000000000     
   37093.203582311893        1000.0000000000000     
   38093.203582311893        1000.0000000000000     
   39093.203582311893        1000.0000000000000     
   40093.203582311893        1000.0000000000000     
   41093.203582311893        1000.0000000000000     
   42093.203582311893        1000.0000000000000     
   43093.203582311893        1000.0000000000000     
   44093.203582311893        1000.0000000000000     
   45093.203582311893        1000.0000000000000     
   46093.203582311893        1000.0000000000000     
   47093.203582311893        1000.0000000000000     
   48093.203582311893        1000.0000000000000     
   49093.203582311893        1000.0000000000000     
   50093.203582311893        1000.0000000000000     
   51093.203582311893        1000.0000000000000     
   52093.203582311893        1000.0000000000000     
   53093.203582311893        1000.0000000000000     
   54093.203582311893        1000.0000000000000     
   55093.203582311893        1000.0000000000000     
   56093.203582311893        1000.0000000000000     
   57093.203582311893        1000.0000000000000     
   58093.203582311893        1000.0000000000000     
   59093.203582311893        1000.0000000000000     
   60093.203582311893        1000.0000000000000     
   61093.203582311893        1000.0000000000000     
   62093.203582311893        1000.0000000000000     
   63093.203582311893        1000.0000000000000     
   64093.203582311893        1000.0000000000000     
   65093.203582311893        1000.0000000000000     
   66093.203582311893        1000.0000000000000     
   67093.203582311893        1000.0000000000000     
   68093.203582311893        1000.0000000000000     
   69093.203582311893        1000.0000000000000     
   70093.203582311893        1000.0000000000000     
   71093.203582311893        1000.0000000000000     
   72093.203582311893        1000.0000000000000     
   73093.203582311893        1000.0000000000000     
   74093.203582311893        1000.0000000000000     
   75093.203582311893        1000.0000000000000     
   76093.203582311893        1000.0000000000000     
   77093.203582311893        1000.0000000000000     
   78093.203582311893        1000.0000000000000     
   79093.203582311893        1000.0000000000000     
   80093.203582311893        1000.0000000000000     
   81093.203582311893        1000.0000000000000     
   82093.203582311893        1000.0000000000000     
   83093.203582311893        1000.0000000000000     
   84093.203582311893        1000.0000000000000     
   85093.203582311893        1000.0000000000000     
   86093.203582311893        1000.0000000000000     
   87093.203582311893        1000.0000000000000     
   88093.203582311893        1000.0000000000000     
   89093.203582311893        1000.0000000000000     
   90093.203582311893        1000.0000000000000     
   91093.203582311893        1000.0000000000000     
   92093.203582311893        1000.0000000000000     
   93093.203582311893        1000.0000000000000     
   94093.203582311893        1000.0000000000000     
   95093.203582311893        1000.0000000000000     
   96093.203582311893        1000.0000000000000     
   97093.203582311893        1000.0000000000000     
   98093.203582311893        1000.0000000000000     
   99093.203582311893        1000.0000000000000     
   100093.20358231189        1000.0000000000000     
   101093.20358231189        1000.0000000000000     
   102093.20358231189        1000.0000000000000     
   103093.20358231189        1000.0000000000000     
   104093.20358231189        1000.0000000000000     
   105093.20358231189        1000.0000000000000     
   106093.20358231189        1000.0000000000000     
   107093.20358231189        1000.0000000000000     
   108093.20358231189        1000.0000000000000     
   109093.20358231189        1000.0000000000000     
   110093.20358231189        1000.0000000000000     
   111093.20358231189        1000.0000000000000     
   112093.20358231189        1000.0000000000000     
   113093.20358231189        1000.0000000000000     
   114093.20358231189        1000.0000000000000     
   115093.20358231189        1000.0000000000000     
   116093.20358231189        1000.0000000000000     
   117093.20358231189        1000.0000000000000     
   118093.20358231189        1000.0000000000000     
   119093.20358231189        1000.0000000000000     
   120093.20358231189        1000.0000000000000     
   121093.20358231189        1000.0000000000000     
   122093.20358231189        1000.0000000000000     
   123093.20358231189        1000.0000000000000     
   124093.20358231189        1000.0000000000000     
   125093.20358231189        1000.0000000000000     
   126093.20358231189        1000.0000000000000     
   127093.20358231189        1000.0000000000000     
   128093.20358231189        1000.0000000000000     
   129093.20358231189        1000.0000000000000     
   130093.20358231189        1000.0000000000000     
   131093.20358231189        1000.0000000000000     
   132093.20358231189        1000.0000000000000     
   133093.20358231189        1000.0000000000000     
   134093.20358231189        1000.0000000000000     
   135093.20358231189        1000.0000000000000     
   136093.20358231189        1000.0000000000000     
   137093.20358231189        1000.0000000000000     
   138093.20358231189        1000.0000000000000     
   139093.20358231189        1000.0000000000000     
   140093.20358231189        1000.0000000000000     
   141093.20358231189        1000.0000000000000     
   142093.20358231189        1000.0000000000000     
   143093.20358231189        1000.0000000000000     
   144093.20358231189        1000.0000000000000     
   145093.20358231189        1000.0000000000000     
   146093.20358231189        1000.0000000000000     
   147093.20358231189        1000.0000000000000     
   148093.20358231189        1000.0000000000000     
   149093.20358231189        1000.0000000000000     
   150093.20358231189        1000.0000000000000     
   151093.20358231189        1000.0000000000000     
   152093.20358231189        1000.0000000000000     
   153093.20358231189        1000.0000000000000     
   154093.20358231189        1000.0000000000000     
   155093.20358231189        1000.0000000000000     
   156093.20358231189        1000.0000000000000     
   157093.20358231189        1000.0000000000000     
   158093.20358231189        1000.0000000000000     
   159093.20358231189        1000.0000000000000     
   160093.20358231189        1000.0000000000000     
   161093.20358231189        1000.0000000000000     
   162093.20358231189        1000.0000000000000     
   163093.20358231189        1000.0000000000000     
   164093.20358231189        1000.0000000000000     
   165093.20358231189        1000.0000000000000     
   166093.20358231189        1000.0000000000000     
   167093.20358231189        1000.0000000000000     
   168093.20358231189        1000.0000000000000     
   169093.20358231189        1000.0000000000000     
   170093.20358231189        1000.0000000000000     
   171093.20358231189        1000.0000000000000     
   172093.20358231189        1000.0000000000000     
   173093.20358231189        1000.0000000000000     
   174093.20358231189        1000.0000000000000     
   175093.20358231189        1000.0000000000000     
   176093.20358231189        1000.0000000000000     
   177093.20358231189        1000.0000000000000     
   178093.20358231189        1000.0000000000000     
   179093.20358231189        1000.0000000000000     
   180093.20358231189        1000.0000000000000     
   181093.20358231189        1000.0000000000000     
   182093.20358231189        1000.0000000000000     
   183093.20358231189        1000.0000000000000     
   184093.20358231189        1000.0000000000000     
   185093.20358231189        1000.0000000000000     
   186093.20358231189        1000.0000000000000     
   187093.20358231189        1000.0000000000000     
   188093.20358231189        1000.0000000000000     
   189093.20358231189        1000.0000000000000     
   190093.20358231189        1000.0000000000000     
   191093.20358231189        1000.0000000000000     
   192093.20358231189        1000.0000000000000     
   193093.20358231189        1000.0000000000000     
   194093.20358231189        1000.0000000000000     
   195093.20358231189        1000.0000000000000     
   196093.20358231189        1000.0000000000000     
   197093.20358231189        1000.0000000000000     
   198093.20358231189        1000.0000000000000     
   199093.20358231189        1000.0000000000000     
   200093.20358231189        1000.0000000000000     
   201093.20358231189        1000.0000000000000     
   202093.20358231189        1000.0000000000000     
   203093.20358231189        1000.0000000000000     
   204093.20358231189        1000.0000000000000     
   205093.20358231189        1000.0000000000000     
   206093.20358231189        1000.0000000000000     
   207093.20358231189        1000.0000000000000     
   208093.20358231189        1000.0000000000000     
   209093.20358231189        1000.0000000000000     
   210093.20358231189        1000.0000000000000     
   211093.20358231189        1000.0000000000000     
   212093.20358231189        1000.0000000000000     
   213093.20358231189        1000.0000000000000     
   214093.20358231189        1000.0000000000000     
   215093.20358231189        1000.0000000000000     
   216093.20358231189        1000.0000000000000     
   217093.20358231189        1000.0000000000000     
   218093.20358231189        1000.0000000000000     
   219093.20358231189        1000.0000000000000     
   220093.20358231189        1000.0000000000000     
   221093.20358231189        1000.0000000000000     
   222093.20358231189        1000.0000000000000     
   223093.20358231189        1000.0000000000000     
   224093.20358231189        1000.0000000000000     
   225093.20358231189        1000.0000000000000     
   226093.20358231189        1000.0000000000000     
   227093.20358231189        1000.0000000000000     
   228093.20358231189        1000.0000000000000     
   229093.20358231189        1000.0000000000000     
   230093.20358231189        1000.0000000000000     
   231093.20358231189        1000.0000000000000     
   232093.20358231189        1000.0000000000000     
   233093.20358231189        1000.0000000000000     
   234093.20358231189        1000.0000000000000     
   235093.20358231189        1000.0000000000000     
   236093.20358231189        1000.0000000000000     
   237093.20358231189        1000.0000000000000     
   238093.20358231189        1000.0000000000000     
   239093.20358231189        1000.0000000000000     
   240093.20358231189        1000.0000000000000     
   241093.20358231189        1000.0000000000000     
   242093.20358231189        1000.0000000000000     
   243093.20358231189        1000.0000000000000     
   244093.20358231189        1000.0000000000000     
   245093.20358231189        1000.0000000000000     
   246093.20358231189        1000.0000000000000     
   247093.20358231189        1000.0000000000000     
   248093.20358231189        1000.0000000000000     
   249093.20358231189        1000.0000000000000     
   250093.20358231189        1000.0000000000000     
   251093.20358231189        1000.0000000000000     
   252093.20358231189        1000.0000000000000     
   253093.20358231189        1000.0000000000000     
   254093.20358231189        1000.0000000000000     
   255093.20358231189        1000.0000000000000     
   256093.20358231189        1000.0000000000000     
   257093.20358231189        1000.0000000000000     
   258093.20358231189        1000.0000000000000     
   259093.20358231189        1000.0000000000000     
   260093.20358231189        1000.0000000000000     
   261093.20358231189        1000.0000000000000     
   262093.20358231189        1000.0000000000000     
   263093.20358231186        1000.0000000000000     
   264093.20358231186        1000.0000000000000     
   265093.20358231186        1000.0000000000000     
   266093.20358231186        1000.0000000000000     
   267093.20358231186        1000.0000000000000     
   268093.20358231186        1000.0000000000000     
   269093.20358231186        1000.0000000000000     
   270093.20358231186        1000.0000000000000     
   271093.20358231186        1000.0000000000000     
   272093.20358231186        1000.0000000000000     
   273093.20358231186        1000.0000000000000     
   274093.20358231186        1000.0000000000000     
   275093.20358231186        1000.0000000000000     
   276093.20358231186        1000.0000000000000     
   277093.20358231186        1000.0000000000000     
   278093.20358231186        1000.0000000000000     
   279093.20358231186        1000.0000000000000     
   280093.20358231186        1000.0000000000000     
   281093.20358231186        1000.0000000000000     
   282093.20358231186        1000.0000000000000     
   283093.20358231186        1000.0000000000000     
   284093.20358231186        1000.0000000000000     
   285093.20358231186        1000.0000000000000     
   286093.20358231186        1000.0000000000000     
   287093.20358231186        1000.0000000000000     
   288093.20358231186        1000.0000000000000     
   289093.20358231186        1000.0000000000000     
   290093.20358231186        1000.0000000000000     
   291093.20358231186        1000.0000000000000     
   292093.20358231186        1000.0000000000000     
   293093.20358231186        1000.0000000000000     
   294093.20358231186        1000.0000000000000     
   295093.20358231186        1000.0000000000000     
   296093.20358231186        1000.0000000000000     
   297093.20358231186        1000.0000000000000     
   298093.20358231186        1000.0000000000000     
   299093.20358231186        1000.0000000000000     
   300093.20358231186        1000.0000000000000     
   301093.20358231186        1000.0000000000000     
   302093.20358231186        1000.0000000000000     
   303093.20358231186        1000.0000000000000     
   304093.20358231186        1000.0000000000000     
   305093.20358231186        1000.0000000000000     
   306093.20358231186        1000.0000000000000     
   307093.20358231186        1000.0000000000000     
   308093.20358231186        1000.0000000000000     
   309093.20358231186        1000.0000000000000     
   310093.20358231186        1000.0000000000000     
   311093.20358231186        1000.0000000000000     
   312093.20358231186        1000.0000000000000     
   313093.20358231186        1000.0000000000000     
   314093.20358231186        1000.0000000000000     
   315093.20358231186        1000.0000000000000     
   316093.20358231186        1000.0000000000000     
   317093.20358231186        1000.0000000000000     
   318093.20358231186        1000.0000000000000     
   319093.20358231186        1000.0000000000000     
   320093.20358231186        1000.0000000000000     
   321093.20358231186        1000.0000000000000     
   322093.20358231186        1000.0000000000000     
   323093.20358231186        1000.0000000000000     
   324093.20358231186        1000.0000000000000     
   325093.20358231186        1000.0000000000000     
   326093.20358231186        1000.0000000000000     
   327093.20358231186        1000.0000000000000     
   328093.20358231186        1000.0000000000000     
   329093.20358231186        1000.0000000000000     
   330093.20358231186        1000.0000000000000     
   331093.20358231186        1000.0000000000000     
   332093.20358231186        1000.0000000000000     
   333093.20358231186        1000.0000000000000     
   334093.20358231186        1000.0000000000000     
   335093.20358231186        1000.0000000000000     
   336093.20358231186        1000.0000000000000     
   337093.20358231186        1000.0000000000000     
   338093.20358231186        1000.0000000000000     
   339093.20358231186        1000.0000000000000     
   340093.20358231186        1000.0000000000000     
   341093.20358231186        1000.0000000000000     
   342093.20358231186        1000.0000000000000     
   343093.20358231186        1000.0000000000000     
   344093.20358231186        1000.0000000000000     
   345093.20358231186        1000.0000000000000     
   346093.20358231186        1000.0000000000000     
   347093.20358231186        1000.0000000000000     
   348093.20358231186        1000.0000000000000     
   349093.20358231186        1000.0000000000000     
   350093.20358231186        1000.0000000000000     
   351093.20358231186        1000.0000000000000     
   352093.20358231186        1000.0000000000000     
   353093.20358231186        1000.0000000000000     
   354093.20358231186        1000.0000000000000     
   355093.20358231186        1000.0000000000000     
   356093.20358231186        1000.0000000000000     
   357093.20358231186        1000.0000000000000     
   358093.20358231186        1000.0000000000000     
   359093.20358231186        1000.0000000000000     
   360093.20358231186        1000.0000000000000     
   361093.20358231186        1000.0000000000000     
   362093.20358231186        1000.0000000000000     
   363093.20358231186        1000.0000000000000     
   364093.20358231186        1000.0000000000000     
   365093.20358231186        1000.0000000000000     
   366093.20358231186        1000.0000000000000     
   367093.20358231186        1000.0000000000000     
   368093.20358231186        1000.0000000000000     
   369093.20358231186        1000.0000000000000     
   370093.20358231186        1000.0000000000000     
   371093.20358231186        1000.0000000000000     
   372093.20358231186        1000.0000000000000     
   373093.20358231186        1000.0000000000000     
   374093.20358231186        1000.0000000000000     
   375093.20358231186        1000.0000000000000     
   376093.20358231186        1000.0000000000000     
   377093.20358231186        1000.0000000000000     
   378093.20358231186        1000.0000000000000     
   379093.20358231186        1000.0000000000000     
   380093.20358231186        1000.0000000000000     
   381093.20358231186        1000.0000000000000     
   382093.20358231186        1000.0000000000000     
   383093.20358231186        1000.0000000000000     
   384093.20358231186        1000.0000000000000     
   385093.20358231186        1000.0000000000000     
   386093.20358231186        1000.0000000000000     
   387093.20358231186        1000.0000000000000     
   388093.20358231186        1000.0000000000000     
   389093.20358231186        1000.0000000000000     
   390093.20358231186        1000.0000000000000     
   391093.20358231186        1000.0000000000000     
   392093.20358231186        1000.0000000000000     
   393093.20358231186        1000.0000000000000     
   394093.20358231186        1000.0000000000000     
   395093.20358231186        1000.0000000000000     
   396093.20358231186        1000.0000000000000     
   397093.20358231186        1000.0000000000000     
   398093.20358231186        1000.0000000000000     
   399093.20358231186        1000.0000000000000     
   400093.20358231186        1000.0000000000000     
   401093.20358231186        1000.0000000000000     
   402093.20358231186        1000.0000000000000     
   403093.20358231186        1000.0000000000000     
   404093.20358231186        1000.0000000000000     
   405093.20358231186        1000.0000000000000     
   406093.20358231186        1000.0000000000000     
   407093.20358231186        1000.0000000000000     
   408093.20358231186        1000.0000000000000     
   409093.20358231186        1000.0000000000000     
   410093.20358231186        1000.0000000000000     
   411093.20358231186        1000.0000000000000     
   412093.20358231186        1000.0000000000000     
   413093.20358231186        1000.0000000000000     
   414093.20358231186        1000.0000000000000     
   415093.20358231186        1000.0000000000000     
   416093.20358231186        1000.0000000000000     
   417093.20358231186        1000.0000000000000     
   418093.20358231186        1000.0000000000000     
   419093.20358231186        1000.0000000000000     
   420093.20358231186        1000.0000000000000     
   421093.20358231186        1000.0000000000000     
   422093.20358231186        1000.0000000000000     
   423093.20358231186        1000.0000000000000     
   424093.20358231186        1000.0000000000000     
   425093.20358231186        1000.0000000000000     
   426093.20358231186        1000.0000000000000     
   427093.20358231186        1000.0000000000000     
   428093.20358231186        1000.0000000000000     
   429093.20358231186        1000.0000000000000     
   430093.20358231186        1000.0000000000000     
   431093.20358231186        1000.0000000000000     
   432093.20358231186        1000.0000000000000     
   433093.20358231186        1000.0000000000000     
   434093.20358231186        1000.0000000000000     
   435093.20358231186        1000.0000000000000     
   436093.20358231186        1000.0000000000000     
   437093.20358231186        1000.0000000000000     
   438093.20358231186        1000.0000000000000     
   439093.20358231186        1000.0000000000000     
   440093.20358231186        1000.0000000000000     
   441093.20358231186        1000.0000000000000     
   442093.20358231186        1000.0000000000000     
   443093.20358231186        1000.0000000000000     
   444093.20358231186        1000.0000000000000     
   445093.20358231186        1000.0000000000000     
   446093.20358231186        1000.0000000000000     
   447093.20358231186        1000.0000000000000     
   448093.20358231186        1000.0000000000000     
   449093.20358231186        1000.0000000000000     
   450093.20358231186        1000.0000000000000     
   451093.20358231186        1000.0000000000000     
   452093.20358231186        1000.0000000000000     
   453093.20358231186        1000.0000000000000     
   454093.20358231186        1000.0000000000000     
   455093.20358231186        1000.0000000000000     
   456093.20358231186        1000.0000000000000     
   457093.20358231186        1000.0000000000000     
   458093.20358231186        1000.0000000000000     
   459093.20358231186        1000.0000000000000     
   460093.20358231186        1000.0000000000000     
   461093.20358231186        1000.0000000000000     
   462093.20358231186        1000.0000000000000     
   463093.20358231186        1000.0000000000000     
   464093.20358231186        1000.0000000000000     
   465093.20358231186        1000.0000000000000     
   466093.20358231186        1000.0000000000000     
   467093.20358231186        1000.0000000000000     
   468093.20358231186        1000.0000000000000     
   469093.20358231186        1000.0000000000000     
   470093.20358231186        1000.0000000000000     
   471093.20358231186        1000.0000000000000     
   472093.20358231186        1000.0000000000000     
   473093.20358231186        1000.0000000000000     
   474093.20358231186        1000.0000000000000     
   475093.20358231186        1000.0000000000000     
   476093.20358231186        1000.0000000000000     
   477093.20358231186        1000.0000000000000     
   478093.20358231186        1000.0000000000000     
   479093.20358231186        1000.0000000000000     
   480093.20358231186        1000.0000000000000     
   481093.20358231186        1000.0000000000000     
   482093.20358231186        1000.0000000000000     
   483093.20358231186        1000.0000000000000     
   484093.20358231186        1000.0000000000000     
   485093.20358231186        1000.0000000000000     
   486093.20358231186        1000.0000000000000     
   487093.20358231186        1000.0000000000000     
   488093.20358231186        1000.0000000000000     
   489093.20358231186        1000.0000000000000     
   490093.20358231186        1000.0000000000000     
   491093.20358231186        1000.0000000000000     
   492093.20358231186        1000.0000000000000     
   493093.20358231186        1000.0000000000000     
   494093.20358231186        1000.0000000000000     
   495093.20358231186        1000.0000000000000     
   496093.20358231186        1000.0000000000000     
   497093.20358231186        1000.0000000000000     
   498093.20358231186        1000.0000000000000     
   499093.20358231186        1000.0000000000000     
   500093.20358231186        1000.0000000000000     
   501093.20358231186        1000.0000000000000     
   502093.20358231186        1000.0000000000000     
   503093.20358231186        1000.0000000000000     
   504093.20358231186        1000.0000000000000     
   505093.20358231186        1000.0000000000000     
   506093.20358231186        1000.0000000000000     
   507093.20358231186        1000.0000000000000     
   508093.20358231186        1000.0000000000000     
   509093.20358231186        1000.0000000000000     
   510093.20358231186        1000.0000000000000     
   511093.20358231186        1000.0000000000000     
   512093.20358231186        1000.0000000000000     
   513093.20358231186        1000.0000000000000     
   514093.20358231186        1000.0000000000000     
   515093.20358231186        1000.0000000000000     
   516093.20358231186        1000.0000000000000     
   517093.20358231186        1000.0000000000000     
   518093.20358231186        1000.0000000000000     
   519093.20358231186        1000.0000000000000     
   520093.20358231186        1000.0000000000000     
   521093.20358231186        1000.0000000000000     
   522093.20358231186        1000.0000000000000     
   523093.20358231186        1000.0000000000000     
   524093.20358231186        1000.0000000000000     
   525093.20358231186        1000.0000000000000     
   526093.20358231186        1000.0000000000000     
   527093.20358231186        1000.0000000000000     
   528093.20358231186        1000.0000000000000     
   529093.20358231186        1000.0000000000000     
   530093.20358231186        1000.0000000000000     
   531093.20358231186        1000.0000000000000     
   532093.20358231186        1000.0000000000000     
   533093.20358231186        1000.0000000000000     
   534093.20358231186        1000.0000000000000     
   535093.20358231186        1000.0000000000000     
   536093.20358231186        1000.0000000000000     
   537093.20358231186        1000.0000000000000     
   538093.20358231186        1000.0000000000000     
   539093.20358231186        1000.0000000000000     
   540093.20358231186        1000.0000000000000     
   541093.20358231186        1000.0000000000000     
   542093.20358231186        1000.0000000000000     
   543093.20358231186        1000.0000000000000     
   544093.20358231186        1000.0000000000000     
   545093.20358231186        1000.0000000000000     
   546093.20358231186        1000.0000000000000     
   547093.20358231186        1000.0000000000000     
   548093.20358231186        1000.0000000000000     
   549093.20358231186        1000.0000000000000     
   550093.20358231186        1000.0000000000000     
   551093.20358231186        1000.0000000000000     
   552093.20358231186        1000.0000000000000     
   553093.20358231186        1000.0000000000000     
   554093.20358231186        1000.0000000000000     
   555093.20358231186        1000.0000000000000     
   556093.20358231186        1000.0000000000000     
   557093.20358231186        900.00000000000000     
   557993.20358231186        900.00000000000000     
   558893.20358231186        900.00000000000000     
   559793.20358231186        900.00000000000000     
   560693.20358231186        900.00000000000000     
   561593.20358231186        900.00000000000000     
   562493.20358231186        900.00000000000000     
   563393.20358231186        900.00000000000000     
   564293.20358231186        900.00000000000000     
   565193.20358231186        900.00000000000000     
   566093.20358231186        900.00000000000000     
   566993.20358231186        900.00000000000000     
   567893.20358231186        900.00000000000000     
   568793.20358231186        900.00000000000000     
   569693.20358231186        900.00000000000000     
   570593.20358231186        900.00000000000000     
   571493.20358231186        900.00000000000000     
   572393.20358231186        900.00000000000000     
   573293.20358231186        900.00000000000000     
   574193.20358231186        900.00000000000000     
   575093.20358231186        900.00000000000000     
   575993.20358231186        900.00000000000000     
   576893.20358231186        900.00000000000000     
   577793.20358231186        900.00000000000000     
   578693.20358231186        900.00000000000000     
   579593.20358231186        900.00000000000000     
   580493.20358231186        900.00000000000000     
   581393.20358231186        900.00000000000000     
   582293.20358231186        900.00000000000000     
   583193.20358231186        900.00000000000000     
   584093.20358231186        900.00000000000000     
   584993.20358231186        900.00000000000000     
   585893.20358231186        900.00000000000000     
   586793.20358231186        900.00000000000000     
   587693.20358231186        900.00000000000000     
   588593.20358231186        900.00000000000000     
   589493.20358231186        900.00000000000000     
   590393.20358231186        900.00000000000000     
   591293.20358231186        900.00000000000000     
   592193.20358231186        900.00000000000000     
   593093.20358231186        900.00000000000000     
   593993.20358231186        900.00000000000000     
   594893.20358231186        900.00000000000000     
   595793.20358231186        900.00000000000000     
   596693.20358231186        900.00000000000000     
   597593.20358231186        900.00000000000000     
   598493.20358231186        900.00000000000000     
   599393.20358231186        900.00000000000000     
   600293.20358231186        900.00000000000000     
   601193.20358231186        900.00000000000000     
   602093.20358231186        900.00000000000000     
   602993.20358231186        900.00000000000000     
   603893.20358231186        900.00000000000000     
   604793.20358231186        900.00000000000000     
   605693.20358231186        900.00000000000000     
   606593.20358231186        900.00000000000000     
   607493.20358231186        900.00000000000000     
   608393.20358231186        900.00000000000000     
   609293.20358231186        900.00000000000000     
   610193.20358231186        900.00000000000000     
   611093.20358231186        900.00000000000000     
   611993.20358231186        900.00000000000000     
   612893.20358231186        900.00000000000000     
   613793.20358231186        900.00000000000000     
   614693.20358231186        900.00000000000000     
   615593.20358231186        900.00000000000000     
   616493.20358231186        900.00000000000000     
   617393.20358231186        954.00000000000000     
   618347.20358231186        954.00000000000000     
   619301.20358231186        954.00000000000000     
   620255.20358231186        954.00000000000000     
   621209.20358231186        954.00000000000000     
   622163.20358231186        954.00000000000000     
   623117.20358231186        954.00000000000000     
   624071.20358231186        954.00000000000000     
   625025.20358231186        954.00000000000000     
   625979.20358231186        954.00000000000000     
   626933.20358231186        954.00000000000000     
   627887.20358231186        954.00000000000000     
   628841.20358231186        954.00000000000000     
   629795.20358231186        954.00000000000000     
   630749.20358231186        858.60000000000002     
   631607.80358231184        858.60000000000002     
   632466.40358231182        858.60000000000002     
   633325.00358231179        858.60000000000002     
   634183.60358231177        858.60000000000002     
   635042.20358231175        858.60000000000002     
   635900.80358231172        858.60000000000002     
   636759.40358231170        858.60000000000002     
   637618.00358231168        858.60000000000002     
   638476.60358231165        858.60000000000002     
   639335.20358231163        858.60000000000002     
   640193.80358231161        858.60000000000002     
   641052.40358231158        858.60000000000002     
   641911.00358231156        858.60000000000002     
   642769.60358231154        858.60000000000002     
   643628.20358231151        858.60000000000002     
   644486.80358231149        858.60000000000002     
   645345.40358231147        858.60000000000002     
   646204.00358231144        858.60000000000002     
   647062.60358231142        858.60000000000002     
   647921.20358231140        858.60000000000002     
   648779.80358231138        858.60000000000002     
   649638.40358231135        858.60000000000002     
   650497.00358231133        858.60000000000002     
   651355.60358231131        858.60000000000002     
   652214.20358231128        858.60000000000002     
   653072.80358231126        858.60000000000002     
   653931.40358231124        858.60000000000002     
   654790.00358231121        858.60000000000002     
   655648.60358231119        858.60000000000002     
   656507.20358231117        858.60000000000002     
   657365.80358231114        858.60000000000002     
   658224.40358231112        858.60000000000002     
   659083.00358231110        858.60000000000002     
   659941.60358231107        858.60000000000002     
   660800.20358231105        858.60000000000002     
   661658.80358231103        858.60000000000002     
   662517.40358231100        858.60000000000002     
   663376.00358231098        858.60000000000002     
   664234.60358231096        858.60000000000002     
   665093.20358231093        858.60000000000002     
   665951.80358231091        858.60000000000002     
   666810.40358231089        858.60000000000002     
   667669.00358231086        858.60000000000002     
   668527.60358231084        858.60000000000002     
   669386.20358231082        858.60000000000002     
   670244.80358231079        858.60000000000002     
   671103.40358231077        858.60000000000002     
   671962.00358231075        858.60000000000002     
   672820.60358231072        858.60000000000002     
   673679.20358231070        858.60000000000002     
   674537.80358231068        858.60000000000002     
   675396.40358231065        858.60000000000002     
   676255.00358231063        858.60000000000002     
   677113.60358231061        858.60000000000002     
   677972.20358231058        858.60000000000002     
   678830.80358231056        858.60000000000002     
   679689.40358231054        772.74000000000001     
   680462.14358231053        772.74000000000001     
   681234.88358231052        772.74000000000001     
   682007.62358231051        772.74000000000001     
   682780.36358231050        772.74000000000001     
   683553.10358231049        772.74000000000001     
   684325.84358231048        772.74000000000001     
   685098.58358231047        772.74000000000001     
   685871.32358231046        772.74000000000001     
   686644.06358231045        772.74000000000001     
   687416.80358231044        772.74000000000001     
   688189.54358231043        772.74000000000001     
   688962.28358231043        772.74000000000001     
   689735.02358231042        772.74000000000001     
   690507.76358231041        772.74000000000001     
   691280.50358231040        772.74000000000001     
   692053.24358231039        772.74000000000001     
   692825.98358231038        772.74000000000001     
   693598.72358231037        772.74000000000001     
   694371.46358231036        772.74000000000001     
   695144.20358231035        772.74000000000001     
   695916.94358231034        772.74000000000001     
   696689.68358231033        772.74000000000001     
   697462.42358231032        772.74000000000001     
   698235.16358231031        772.74000000000001     
   699007.90358231030        772.74000000000001     
   699780.64358231029        772.74000000000001     
   700553.38358231029        772.74000000000001     
   701326.12358231028        772.74000000000001     
   702098.86358231027        772.74000000000001     
   702871.60358231026        772.74000000000001     
   703644.34358231025        772.74000000000001     
   704417.08358231024        772.74000000000001     
   705189.82358231023        772.74000000000001     
   705962.56358231022        772.74000000000001     
   706735.30358231021        772.74000000000001     
   707508.04358231020        772.74000000000001     
   708280.78358231019        772.74000000000001     
   709053.52358231018        772.74000000000001     
   709826.26358231017        772.74000000000001     
   710599.00358231016        772.74000000000001     
   711371.74358231016        772.74000000000001     
   712144.48358231015        772.74000000000001     
   712917.22358231014        772.74000000000001     
   713689.96358231013        772.74000000000001     
   714462.70358231012        772.74000000000001     
   715235.44358231011        772.74000000000001     
   716008.18358231010        772.74000000000001     
   716780.92358231009        772.74000000000001     
   717553.66358231008        772.74000000000001     
   718326.40358231007        772.74000000000001     
   719099.14358231006        772.74000000000001     
   719871.88358231005        772.74000000000001     
   720644.62358231004        772.74000000000001     
   721417.36358231003        772.74000000000001     
   722190.10358231002        772.74000000000001     
   722962.84358231002        772.74000000000001     
   723735.58358231001        772.74000000000001     
   724508.32358231000        772.74000000000001     
   725281.06358230999        772.74000000000001     
   726053.80358230998        772.74000000000001     
   726826.54358230997        772.74000000000001     
   727599.28358230996        772.74000000000001     
   728372.02358230995        772.74000000000001     
   729144.76358230994        772.74000000000001     
   729917.50358230993        772.74000000000001     
   730690.24358230992        772.74000000000001     
   731462.98358230991        772.74000000000001     
   732235.72358230990        772.74000000000001     
   733008.46358230989        772.74000000000001     
   733781.20358230988        772.74000000000001     
   734553.94358230988        772.74000000000001     
   735326.68358230987        772.74000000000001     
   736099.42358230986        772.74000000000001     
   736872.16358230985        772.74000000000001     
   737644.90358230984        772.74000000000001     
   738417.64358230983        772.74000000000001     
   739190.38358230982        772.74000000000001     
   739963.12358230981        772.74000000000001     
   740735.86358230980        772.74000000000001     
   741508.60358230979        772.74000000000001     
   742281.34358230978        772.74000000000001     
   743054.08358230977        772.74000000000001     
   743826.82358230976        772.74000000000001     
   744599.56358230975        772.74000000000001     
   745372.30358230975        772.74000000000001     
   746145.04358230974        772.74000000000001     
   746917.78358230973        772.74000000000001     
   747690.52358230972        772.74000000000001     
   748463.26358230971        772.74000000000001     
   749236.00358230970        772.74000000000001     
   750008.74358230969        772.74000000000001     
   750781.48358230968        772.74000000000001     
   751554.22358230967        772.74000000000001     
   752326.96358230966        772.74000000000001     
   753099.70358230965        772.74000000000001     
   753872.44358230964        772.74000000000001     
   754645.18358230963        772.74000000000001     
   755417.92358230962        772.74000000000001     
   756190.66358230961        772.74000000000001     
   756963.40358230961        772.74000000000001     
   757736.14358230960        772.74000000000001     
   758508.88358230959        772.74000000000001     
   759281.62358230958        772.74000000000001     
   760054.36358230957        772.74000000000001     
   760827.10358230956        772.74000000000001     
   761599.84358230955        772.74000000000001     
   762372.58358230954        772.74000000000001     
   763145.32358230953        772.74000000000001     
   763918.06358230952        772.74000000000001     
   764690.80358230951        772.74000000000001     
   765463.54358230950        772.74000000000001     
   766236.28358230949        772.74000000000001     
   767009.02358230948        772.74000000000001     
   767781.76358230948        772.74000000000001     
   768554.50358230947        772.74000000000001     
   769327.24358230946        772.74000000000001     
   770099.98358230945        772.74000000000001     
   770872.72358230944        772.74000000000001     
   771645.46358230943        772.74000000000001     
   772418.20358230942        772.74000000000001     
   773190.94358230941        772.74000000000001     
   773963.68358230940        772.74000000000001     
   774736.42358230939        772.74000000000001     
   775509.16358230938        772.74000000000001     
   776281.90358230937        772.74000000000001     
   777054.64358230936        772.74000000000001     
   777827.38358230935        772.74000000000001     
   778600.12358230934        772.74000000000001     
   779372.86358230934        772.74000000000001     
   780145.60358230933        772.74000000000001     
   780918.34358230932        772.74000000000001     
   781691.08358230931        772.74000000000001     
   782463.82358230930        772.74000000000001     
   783236.56358230929        772.74000000000001     
   784009.30358230928        772.74000000000001     
   784782.04358230927        772.74000000000001     
   785554.78358230926        772.74000000000001     
   786327.52358230925        772.74000000000001     
   787100.26358230924        772.74000000000001     
   787873.00358230923        772.74000000000001     
   788645.74358230922        772.74000000000001     
   789418.48358230921        772.74000000000001     
   790191.22358230921        772.74000000000001     
   790963.96358230920        772.74000000000001     
   791736.70358230919        772.74000000000001     
   792509.44358230918        772.74000000000001     
   793282.18358230917        772.74000000000001     
   794054.92358230916        772.74000000000001     
   794827.66358230915        772.74000000000001     
   795600.40358230914        772.74000000000001     
   796373.14358230913        772.74000000000001     
   797145.88358230912        772.74000000000001     
   797918.62358230911        772.74000000000001     
   798691.36358230910        772.74000000000001     
   799464.10358230909        772.74000000000001     
   800236.84358230908        772.74000000000001     
   801009.58358230907        772.74000000000001     
   801782.32358230907        772.74000000000001     
   802555.06358230906        772.74000000000001     
   803327.80358230905        772.74000000000001     
   804100.54358230904        772.74000000000001     
   804873.28358230903        772.74000000000001     
   805646.02358230902        772.74000000000001     
   806418.76358230901        772.74000000000001     
   807191.50358230900        772.74000000000001     
   807964.24358230899        772.74000000000001     
   808736.98358230898        772.74000000000001     
   809509.72358230897        772.74000000000001     
   810282.46358230896        772.74000000000001     
   811055.20358230895        772.74000000000001     
   811827.94358230894        772.74000000000001     
   812600.68358230894        772.74000000000001     
   813373.42358230893        772.74000000000001     
   814146.16358230892        772.74000000000001     
   814918.90358230891        772.74000000000001     
   815691.64358230890        772.74000000000001     
   816464.38358230889        772.74000000000001     
   817237.12358230888        772.74000000000001     
   818009.86358230887        772.74000000000001     
   818782.60358230886        772.74000000000001     
   819555.34358230885        772.74000000000001     
   820328.08358230884        772.74000000000001     
   821100.82358230883        772.74000000000001     
   821873.56358230882        695.46600000000001     
   822569.02958230884        695.46600000000001     
   823264.49558230885        695.46600000000001     
   823959.96158230887        695.46600000000001     
   824655.42758230888        695.46600000000001     
   825350.89358230890        695.46600000000001     
   826046.35958230891        695.46600000000001     
   826741.82558230893        695.46600000000001     
   827437.29158230894        695.46600000000001     
   828132.75758230896        695.46600000000001     
   828828.22358230897        695.46600000000001     
   829523.68958230899        695.46600000000001     
   830219.15558230900        695.46600000000001     
   830914.62158230902        695.46600000000001     
   831610.08758230903        695.46600000000001     
   832305.55358230905        695.46600000000001     
   833001.01958230906        695.46600000000001     
   833696.48558230908        695.46600000000001     
   834391.95158230909        695.46600000000001     
   835087.41758230911        695.46600000000001     
   835782.88358230912        695.46600000000001     
   836478.34958230914        695.46600000000001     
   837173.81558230915        695.46600000000001     
   837869.28158230917        695.46600000000001     
   838564.74758230918        695.46600000000001     
   839260.21358230920        695.46600000000001     
   839955.67958230921        695.46600000000001     
   840651.14558230923        695.46600000000001     
   841346.61158230924        695.46600000000001     
   842042.07758230926        695.46600000000001     
   842737.54358230927        695.46600000000001     
   843433.00958230929        695.46600000000001     
   844128.47558230930        695.46600000000001     
   844823.94158230931        695.46600000000001     
   845519.40758230933        695.46600000000001     
   846214.87358230934        695.46600000000001     
   846910.33958230936        695.46600000000001     
   847605.80558230937        695.46600000000001     
   848301.27158230939        695.46600000000001     
   848996.73758230940        695.46600000000001     
   849692.20358230942        695.46600000000001     
   850387.66958230943        695.46600000000001     
   851083.13558230945        695.46600000000001     
   851778.60158230946        695.46600000000001     
   852474.06758230948        695.46600000000001     
   853169.53358230949        695.46600000000001     
   853864.99958230951        695.46600000000001     
   854560.46558230952        695.46600000000001     
   855255.93158230954        695.46600000000001     
   855951.39758230955        695.46600000000001     
   856646.86358230957        695.46600000000001     
   857342.32958230958        695.46600000000001     
   858037.79558230960        695.46600000000001     
   858733.26158230961        695.46600000000001     
   859428.72758230963        695.46600000000001     
   860124.19358230964        695.46600000000001     
   860819.65958230966        695.46600000000001     
   861515.12558230967        695.46600000000001     
   862210.59158230969        695.46600000000001     
   862906.05758230970        695.46600000000001     
   863601.52358230972        695.46600000000001     
   864296.98958230973        695.46600000000001     
   864992.45558230975        695.46600000000001     
   865687.92158230976        695.46600000000001     
   866383.38758230978        695.46600000000001     
   867078.85358230979        695.46600000000001     
   867774.31958230981        695.46600000000001     
   868469.78558230982        695.46600000000001     
   869165.25158230984        695.46600000000001     
   869860.71758230985        695.46600000000001     
   870556.18358230987        695.46600000000001     
   871251.64958230988        695.46600000000001     
   871947.11558230990        695.46600000000001     
   872642.58158230991        695.46600000000001     
   873338.04758230993        695.46600000000001     
   874033.51358230994        695.46600000000001     
   874728.97958230996        695.46600000000001     
   875424.44558230997        695.46600000000001     
   876119.91158230999        695.46600000000001     
   876815.37758231000        695.46600000000001     
   877510.84358231002        695.46600000000001     
   878206.30958231003        695.46600000000001     
   878901.77558231005        695.46600000000001     
   879597.24158231006        695.46600000000001     
   880292.70758231007        695.46600000000001     
   880988.17358231009        695.46600000000001     
   881683.63958231010        695.46600000000001     
   882379.10558231012        695.46600000000001     
   883074.57158231013        695.46600000000001     
   883770.03758231015        695.46600000000001     
   884465.50358231016        695.46600000000001     
   885160.96958231018        695.46600000000001     
   885856.43558231019        695.46600000000001     
   886551.90158231021        695.46600000000001     
   887247.36758231022        695.46600000000001     
   887942.83358231024        695.46600000000001     
   888638.29958231025        695.46600000000001     
   889333.76558231027        695.46600000000001     
   890029.23158231028        695.46600000000001     
   890724.69758231030        695.46600000000001     
   891420.16358231031        695.46600000000001     
   892115.62958231033        695.46600000000001     
   892811.09558231034        695.46600000000001     
   893506.56158231036        695.46600000000001     
   894202.02758231037        695.46600000000001     
   894897.49358231039        695.46600000000001     
   895592.95958231040        695.46600000000001     
   896288.42558231042        695.46600000000001     
   896983.89158231043        695.46600000000001     
   897679.35758231045        695.46600000000001     
   898374.82358231046        695.46600000000001     
   899070.28958231048        695.46600000000001     
   899765.75558231049        695.46600000000001     
   900461.22158231051        695.46600000000001     
   901156.68758231052        695.46600000000001     
   901852.15358231054        695.46600000000001     
   902547.61958231055        695.46600000000001     
   903243.08558231057        695.46600000000001     
   903938.55158231058        695.46600000000001     
   904634.01758231060        695.46600000000001     
   905329.48358231061        695.46600000000001     
   906024.94958231063        695.46600000000001     
   906720.41558231064        695.46600000000001     
   907415.88158231066        695.46600000000001     
   908111.34758231067        695.46600000000001     
   908806.81358231069        695.46600000000001     
   909502.27958231070        695.46600000000001     
   910197.74558231072        695.46600000000001     
   910893.21158231073        695.46600000000001     
   911588.67758231075        695.46600000000001     
   912284.14358231076        695.46600000000001     
   912979.60958231078        695.46600000000001     
   913675.07558231079        695.46600000000001     
   914370.54158231081        695.46600000000001     
   915066.00758231082        695.46600000000001     
   915761.47358231083        695.46600000000001     
   916456.93958231085        695.46600000000001     
   917152.40558231086        695.46600000000001     
   917847.87158231088        695.46600000000001     
   918543.33758231089        695.46600000000001     
   919238.80358231091        695.46600000000001     
   919934.26958231092        695.46600000000001     
   920629.73558231094        695.46600000000001     
   921325.20158231095        695.46600000000001     
   922020.66758231097        695.46600000000001     
   922716.13358231098        695.46600000000001     
   923411.59958231100        695.46600000000001     
   924107.06558231101        695.46600000000001     
   924802.53158231103        695.46600000000001     
   925497.99758231104        695.46600000000001     
   926193.46358231106        695.46600000000001     
   926888.92958231107        695.46600000000001     
   927584.39558231109        695.46600000000001     
   928279.86158231110        695.46600000000001     
   928975.32758231112        695.46600000000001     
   929670.79358231113        695.46600000000001     
   930366.25958231115        695.46600000000001     
   931061.72558231116        695.46600000000001     
   931757.19158231118        695.46600000000001     
   932452.65758231119        695.46600000000001     
   933148.12358231121        695.46600000000001     
   933843.58958231122        695.46600000000001     
   934539.05558231124        695.46600000000001     
   935234.52158231125        695.46600000000001     
   935929.98758231127        695.46600000000001     
   936625.45358231128        695.46600000000001     
   937320.91958231130        695.46600000000001     
   938016.38558231131        695.46600000000001     
   938711.85158231133        695.46600000000001     
   939407.31758231134        695.46600000000001     
   940102.78358231136        695.46600000000001     
   940798.24958231137        695.46600000000001     
   941493.71558231139        695.46600000000001     
   942189.18158231140        695.46600000000001     
   942884.64758231142        695.46600000000001     
   943580.11358231143        695.46600000000001     
   944275.57958231145        695.46600000000001     
   944971.04558231146        695.46600000000001     
   945666.51158231148        695.46600000000001     
   946361.97758231149        695.46600000000001     
   947057.44358231151        695.46600000000001     
   947752.90958231152        695.46600000000001     
   948448.37558231154        695.46600000000001     
   949143.84158231155        695.46600000000001     
   949839.30758231157        695.46600000000001     
   950534.77358231158        695.46600000000001     
   951230.23958231159        695.46600000000001     
   951925.70558231161        695.46600000000001     
   952621.17158231162        695.46600000000001     
   953316.63758231164        695.46600000000001     
   954012.10358231165        695.46600000000001     
   954707.56958231167        695.46600000000001     
   955403.03558231168        695.46600000000001     
   956098.50158231170        695.46600000000001     
   956793.96758231171        695.46600000000001     
   957489.43358231173        695.46600000000001     
   958184.89958231174        695.46600000000001     
   958880.36558231176        695.46600000000001     
   959575.83158231177        695.46600000000001     
   960271.29758231179        695.46600000000001     
   960966.76358231180        695.46600000000001     
   961662.22958231182        695.46600000000001     
   962357.69558231183        695.46600000000001     
   963053.16158231185        695.46600000000001     
   963748.62758231186        695.46600000000001     
   964444.09358231188        695.46600000000001     
   965139.55958231189        695.46600000000001     
   965835.02558231191        695.46600000000001     
   966530.49158231192        695.46600000000001     
   967225.95758231194        695.46600000000001     
   967921.42358231195        695.46600000000001     
   968616.88958231197        695.46600000000001     
   969312.35558231198        695.46600000000001     
   970007.82158231200        695.46600000000001     
   970703.28758231201        695.46600000000001     
   971398.75358231203        695.46600000000001     
   972094.21958231204        695.46600000000001     
   972789.68558231206        695.46600000000001     
   973485.15158231207        695.46600000000001     
   974180.61758231209        695.46600000000001     
   974876.08358231210        695.46600000000001     
   975571.54958231212        695.46600000000001     
   976267.01558231213        695.46600000000001     
   976962.48158231215        695.46600000000001     
   977657.94758231216        695.46600000000001     
   978353.41358231218        695.46600000000001     
   979048.87958231219        695.46600000000001     
   979744.34558231221        695.46600000000001     
   980439.81158231222        695.46600000000001     
   981135.27758231224        695.46600000000001     
   981830.74358231225        695.46600000000001     
   982526.20958231227        695.46600000000001     
   983221.67558231228        695.46600000000001     
   983917.14158231230        695.46600000000001     
   984612.60758231231        695.46600000000001     
   985308.07358231233        695.46600000000001     
   986003.53958231234        695.46600000000001     
   986699.00558231235        695.46600000000001     
   987394.47158231237        695.46600000000001     
   988089.93758231238        695.46600000000001     
   988785.40358231240        695.46600000000001     
   989480.86958231241        695.46600000000001     
   990176.33558231243        695.46600000000001     
   990871.80158231244        695.46600000000001     
   991567.26758231246        695.46600000000001     
   992262.73358231247        695.46600000000001     
   992958.19958231249        695.46600000000001     
   993653.66558231250        695.46600000000001     
   994349.13158231252        695.46600000000001     
   995044.59758231253        695.46600000000001     
   995740.06358231255        695.46600000000001     
   996435.52958231256        695.46600000000001     
   997130.99558231258        695.46600000000001     
   997826.46158231259        695.46600000000001     
   998521.92758231261        695.46600000000001     
   999217.39358231262        695.46600000000001     
   999912.85958231264        695.46600000000001     
   1000608.3255823127        695.46600000000001     
   1001303.7915823127        695.46600000000001     
   1001999.2575823127        695.46600000000001     
   1002694.7235823127        695.46600000000001     
   1003390.1895823127        695.46600000000001     
   1004085.6555823127        695.46600000000001     
   1004781.1215823127        695.46600000000001     
   1005476.5875823128        695.46600000000001     
   1006172.0535823128        695.46600000000001     
   1006867.5195823128        695.46600000000001     
   1007562.9855823128        695.46600000000001     
   1008258.4515823128        695.46600000000001     
   1008953.9175823128        695.46600000000001     
   1009649.3835823128        695.46600000000001     
   1010344.8495823129        695.46600000000001     
   1011040.3155823129        695.46600000000001     
   1011735.7815823129        695.46600000000001     
   1012431.2475823129        695.46600000000001     
   1013126.7135823129        695.46600000000001     
   1013822.1795823129        695.46600000000001     
   1014517.6455823130        695.46600000000001     
   1015213.1115823130        695.46600000000001     
   1015908.5775823130        695.46600000000001     
   1016604.0435823130        695.46600000000001     
   1017299.5095823130        695.46600000000001     
   1017994.9755823130        695.46600000000001     
   1018690.4415823130        695.46600000000001     
   1019385.9075823131        695.46600000000001     
   1020081.3735823131        695.46600000000001     
   1020776.8395823131        695.46600000000001     
   1021472.3055823131        695.46600000000001     
   1022167.7715823131        695.46600000000001     
   1022863.2375823131        695.46600000000001     
   1023558.7035823131        695.46600000000001     
   1024254.1695823132        695.46600000000001     
   1024949.6355823132        695.46600000000001     
   1025645.1015823132        695.46600000000001     
   1026340.5675823132        695.46600000000001     
   1027036.0335823132        695.46600000000001     
   1027731.4995823132        695.46600000000001     
   1028426.9655823132        695.46600000000001     
   1029122.4315823133        695.46600000000001     
   1029817.8975823133        695.46600000000001     
   1030513.3635823133        695.46600000000001     
   1031208.8295823133        695.46600000000001     
   1031904.2955823133        695.46600000000001     
   1032599.7615823133        695.46600000000001     
   1033295.2275823134        695.46600000000001     
   1033990.6935823134        695.46600000000001     
   1034686.1595823134        695.46600000000001     
   1035381.6255823134        695.46600000000001     
   1036077.0915823134        695.46600000000001     
   1036772.5575823134        695.46600000000001     
   1037468.0235823134        695.46600000000001     
   1038163.4895823135        695.46600000000001     
   1038858.9555823135        695.46600000000001     
   1039554.4215823135        695.46600000000001     
   1040249.8875823135        695.46600000000001     
   1040945.3535823135        695.46600000000001     
   1041640.8195823135        695.46600000000001     
   1042336.2855823135        695.46600000000001     
   1043031.7515823136        695.46600000000001     
   1043727.2175823136        695.46600000000001     
   1044422.6835823136        695.46600000000001     
   1045118.1495823136        695.46600000000001     
   1045813.6155823136        695.46600000000001     
   1046509.0815823136        695.46600000000001     
   1047204.5475823137        695.46600000000001     
   1047900.0135823137        695.46600000000001     
   1048595.4795823137        695.46600000000001     
   1049290.9455823137        695.46600000000001     
   1049986.4115823137        695.46600000000001     
   1050681.8775823137        695.46600000000001     
   1051377.3435823137        695.46600000000001     
   1052072.8095823138        695.46600000000001     
   1052768.2755823138        695.46600000000001     
   1053463.7415823138        695.46600000000001     
   1054159.2075823138        695.46600000000001     
   1054854.6735823138        695.46600000000001     
   1055550.1395823138        695.46600000000001     
   1056245.6055823138        695.46600000000001     
   1056941.0715823139        695.46600000000001     
   1057636.5375823139        695.46600000000001     
   1058332.0035823139        695.46600000000001     
   1059027.4695823139        695.46600000000001     
   1059722.9355823139        695.46600000000001     
   1060418.4015823139        695.46600000000001     
   1061113.8675823139        695.46600000000001     
   1061809.3335823140        695.46600000000001     
   1062504.7995823140        695.46600000000001     
   1063200.2655823140        695.46600000000001     
   1063895.7315823140        695.46600000000001     
   1064591.1975823140        695.46600000000001     
   1065286.6635823140        695.46600000000001     
   1065982.1295823141        695.46600000000001     
   1066677.5955823141        695.46600000000001     
   1067373.0615823141        695.46600000000001     
   1068068.5275823141        695.46600000000001     
   1068763.9935823141        695.46600000000001     
   1069459.4595823141        695.46600000000001     
   1070154.9255823141        695.46600000000001     
   1070850.3915823142        695.46600000000001     
   1071545.8575823142        695.46600000000001     
   1072241.3235823142        695.46600000000001     
   1072936.7895823142        695.46600000000001     
   1073632.2555823142        695.46600000000001     
   1074327.7215823142        695.46600000000001     
   1075023.1875823142        695.46600000000001     
   1075718.6535823143        695.46600000000001     
   1076414.1195823143        695.46600000000001     
   1077109.5855823143        695.46600000000001     
   1077805.0515823143        695.46600000000001     
   1078500.5175823143        695.46600000000001     
   1079195.9835823143        695.46600000000001     
   1079891.4495823144        695.46600000000001     
   1080586.9155823144        695.46600000000001     
   1081282.3815823144        695.46600000000001     
   1081977.8475823144        695.46600000000001     
   1082673.3135823144        695.46600000000001     
   1083368.7795823144        695.46600000000001     
   1084064.2455823144        695.46600000000001     
   1084759.7115823145        695.46600000000001     
   1085455.1775823145        695.46600000000001     
   1086150.6435823145        695.46600000000001     
   1086846.1095823145        695.46600000000001     
   1087541.5755823145        695.46600000000001     
   1088237.0415823145        695.46600000000001     
   1088932.5075823145        695.46600000000001     
   1089627.9735823146        695.46600000000001     
   1090323.4395823146        695.46600000000001     
   1091018.9055823146        695.46600000000001     
   1091714.3715823146        695.46600000000001     
   1092409.8375823146        695.46600000000001     
   1093105.3035823146        695.46600000000001     
   1093800.7695823146        695.46600000000001     
   1094496.2355823147        695.46600000000001     
   1095191.7015823147        695.46600000000001     
   1095887.1675823147        695.46600000000001     
   1096582.6335823147        695.46600000000001     
   1097278.0995823147        695.46600000000001     
   1097973.5655823147        695.46600000000001     
   1098669.0315823148        695.46600000000001     
   1099364.4975823148        695.46600000000001     
   1100059.9635823148        695.46600000000001     
   1100755.4295823148        695.46600000000001     
   1101450.8955823148        695.46600000000001     
   1102146.3615823148        695.46600000000001     
   1102841.8275823148        695.46600000000001     
   1103537.2935823149        695.46600000000001     
   1104232.7595823149        695.46600000000001     
   1104928.2255823149        695.46600000000001     
   1105623.6915823149        695.46600000000001     
   1106319.1575823149        695.46600000000001     
   1107014.6235823149        695.46600000000001     
   1107710.0895823149        695.46600000000001     
   1108405.5555823150        695.46600000000001     
   1109101.0215823150        695.46600000000001     
   1109796.4875823150        695.46600000000001     
   1110491.9535823150        695.46600000000001     
   1111187.4195823150        695.46600000000001     
   1111882.8855823150        695.46600000000001     
   1112578.3515823151        695.46600000000001     
   1113273.8175823151        695.46600000000001     
   1113969.2835823151        695.46600000000001     
   1114664.7495823151        695.46600000000001     
   1115360.2155823151        695.46600000000001     
   1116055.6815823151        695.46600000000001     
   1116751.1475823151        695.46600000000001     
   1117446.6135823152        695.46600000000001     
   1118142.0795823152        695.46600000000001     
   1118837.5455823152        695.46600000000001     
   1119533.0115823152        695.46600000000001     
   1120228.4775823152        695.46600000000001     
   1120923.9435823152        695.46600000000001     
   1121619.4095823152        695.46600000000001     
   1122314.8755823153        695.46600000000001     
   1123010.3415823153        695.46600000000001     
   1123705.8075823153        695.46600000000001     
   1124401.2735823153        695.46600000000001     
   1125096.7395823153        695.46600000000001     
   1125792.2055823153        695.46600000000001     
   1126487.6715823153        695.46600000000001     
   1127183.1375823154        695.46600000000001     
   1127878.6035823154        695.46600000000001     
   1128574.0695823154        695.46600000000001     
   1129269.5355823154        695.46600000000001     
   1129965.0015823154        695.46600000000001     
   1130660.4675823154        695.46600000000001     
   1131355.9335823155        695.46600000000001     
   1132051.3995823155        695.46600000000001     
   1132746.8655823155        695.46600000000001     
   1133442.3315823155        695.46600000000001     
   1134137.7975823155        695.46600000000001     
   1134833.2635823155        695.46600000000001     
   1135528.7295823155        695.46600000000001     
   1136224.1955823156        695.46600000000001     
   1136919.6615823156        695.46600000000001     
   1137615.1275823156        695.46600000000001     
   1138310.5935823156        695.46600000000001     
   1139006.0595823156        695.46600000000001     
   1139701.5255823156        695.46600000000001     
   1140396.9915823156        695.46600000000001     
   1141092.4575823157        695.46600000000001     
   1141787.9235823157        695.46600000000001     
   1142483.3895823157        695.46600000000001     
   1143178.8555823157        695.46600000000001     
   1143874.3215823157        695.46600000000001     
   1144569.7875823157        695.46600000000001     
   1145265.2535823158        695.46600000000001     
   1145960.7195823158        695.46600000000001     
   1146656.1855823158        695.46600000000001     
   1147351.6515823158        695.46600000000001     
   1148047.1175823158        695.46600000000001     
   1148742.5835823158        695.46600000000001     
   1149438.0495823158        695.46600000000001     
   1150133.5155823159        695.46600000000001     
   1150828.9815823159        695.46600000000001     
   1151524.4475823159        695.46600000000001     
   1152219.9135823159        695.46600000000001     
   1152915.3795823159        695.46600000000001     
   1153610.8455823159        695.46600000000001     
   1154306.3115823159        695.46600000000001     
   1155001.7775823160        695.46600000000001     
   1155697.2435823160        695.46600000000001     
   1156392.7095823160        695.46600000000001     
   1157088.1755823160        695.46600000000001     
   1157783.6415823160        695.46600000000001     
   1158479.1075823160        695.46600000000001     
   1159174.5735823161        695.46600000000001     
   1159870.0395823161        695.46600000000001     
   1160565.5055823161        695.46600000000001     
   1161260.9715823161        695.46600000000001     
   1161956.4375823161        695.46600000000001     
   1162651.9035823161        695.46600000000001     
   1163347.3695823161        695.46600000000001     
   1164042.8355823162        695.46600000000001     
   1164738.3015823162        695.46600000000001     
   1165433.7675823162        695.46600000000001     
   1166129.2335823162        695.46600000000001     
   1166824.6995823162        695.46600000000001     
   1167520.1655823162        695.46600000000001     
   1168215.6315823162        695.46600000000001     
   1168911.0975823163        695.46600000000001     
   1169606.5635823163        695.46600000000001     
   1170302.0295823163        695.46600000000001     
   1170997.4955823163        695.46600000000001     
   1171692.9615823163        695.46600000000001     
   1172388.4275823163        695.46600000000001     
   1173083.8935823163        695.46600000000001     
   1173779.3595823164        695.46600000000001     
   1174474.8255823164        695.46600000000001     
   1175170.2915823164        695.46600000000001     
   1175865.7575823164        695.46600000000001     
   1176561.2235823164        695.46600000000001     
   1177256.6895823164        695.46600000000001     
   1177952.1555823165        695.46600000000001     
   1178647.6215823165        695.46600000000001     
   1179343.0875823165        695.46600000000001     
   1180038.5535823165        695.46600000000001     
   1180734.0195823165        695.46600000000001     
   1181429.4855823165        695.46600000000001     
   1182124.9515823165        695.46600000000001     
   1182820.4175823166        695.46600000000001     
   1183515.8835823166        695.46600000000001     
   1184211.3495823166        695.46600000000001     
   1184906.8155823166        695.46600000000001     
   1185602.2815823166        695.46600000000001     
   1186297.7475823166        695.46600000000001     
   1186993.2135823166        695.46600000000001     
   1187688.6795823167        695.46600000000001     
   1188384.1455823167        695.46600000000001     
   1189079.6115823167        695.46600000000001     
   1189775.0775823167        695.46600000000001     
   1190470.5435823167        695.46600000000001     
   1191166.0095823167        695.46600000000001     
   1191861.4755823168        695.46600000000001     
   1192556.9415823168        695.46600000000001     
   1193252.4075823168        695.46600000000001     
   1193947.8735823168        695.46600000000001     
   1194643.3395823168        695.46600000000001     
   1195338.8055823168        695.46600000000001     
   1196034.2715823168        695.46600000000001     
   1196729.7375823169        695.46600000000001     
   1197425.2035823169        695.46600000000001     
   1198120.6695823169        695.46600000000001     
   1198816.1355823169        695.46600000000001     
   1199511.6015823169        695.46600000000001     
   1200207.0675823169        695.46600000000001     
   1200902.5335823169        695.46600000000001     
   1201597.9995823170        695.46600000000001     
   1202293.4655823170        695.46600000000001     
   1202988.9315823170        695.46600000000001     
   1203684.3975823170        695.46600000000001     
   1204379.8635823170        695.46600000000001     
   1205075.3295823170        695.46600000000001     
   1205770.7955823170        695.46600000000001     
   1206466.2615823171        695.46600000000001     
   1207161.7275823171        695.46600000000001     
   1207857.1935823171        695.46600000000001     
   1208552.6595823171        695.46600000000001     
   1209248.1255823171        695.46600000000001     
