   0.0000000000000000                         3
   1.0000000000000000                         3
   2.0600000000000001                         3
   3.1836000000000002                         3
   4.3746160000000005                         3
   5.6370929600000004                         3
   6.9753185376000006                         3
   8.3938376498560014                         3
   9.8974679088473625                         3
   11.491315983378204                         3
   13.180794942380897                         3
   14.971642638923752                         3
   16.869941197259177                         3
   18.882137669094728                         3
   21.015065929240414                         3
   23.275969884994840                         3
   25.672528078094530                         3
   28.212879762780204                         3
   30.905652548547017                         3
   33.759991701459839                         3
   36.785591203547433                         3
   39.992726675760281                         3
   43.392290276305900                         3
   46.995827692884255                         3
   50.815577354457311                         3
   54.864511995724754                         3
   59.156382715468240                         3
   63.705765678396340                         3
   68.528111619100116                         3
   73.639798316246129                         3
   79.058186215220900                         3
   84.801677388134152                         3
   90.889778031422210                         3
   97.343164713307544                         3
   104.18375459610600                         3
   111.43477987187237                         3
   119.12086666418472                         3
   127.26811866403581                         3
   135.90420578387796                         3
   145.05845813091065                         3
   154.76196561876529                         4
   165.04768355589121                         4
   175.95054456924470                         4
   187.50757724339940                         4
   199.75803187800338                         4
   212.74351379068358                         4
   226.50812461812461                         4
   241.09861209521210                         4
   256.56452882092486                         4
   272.95840055018039                         4
   290.33590458319122                         4
   308.75605885818271                         4
   328.28142238967371                         4
   348.97830773305412                         4
   370.91700619703738                         4
   394.17202656885962                         4
   418.82234816299120                         4
   444.95168905277069                         4
   472.64879039593694                         4
   502.00771781969320                         4
   533.12818088887479                         4
   566.11587174220733                         4
   601.08282404673980                         5
   638.14779348954426                         5
   677.43666109891694                         5
   719.08286076485194                         5
   763.22783241074308                         5
   810.02150235538772                         5
   859.62279249671099                         5
   912.20016004651370                         5
   967.93216964930457                         5
   1027.0080998282629                         5
   1089.6285858179588                         5
   1156.0063009670364                         5
   1226.3666790250586                         5
   1300.9486797665622                         5
   1380.0056005525560                         5
   1463.8059365857093                         5
   1552.6342927808519                         5
   1646.7923503477032                         6
   1746.5998913685655                         6
   1852.3958848506795                         6
   1964.5396379417205                         6
   2083.4120162182239                         6
   2209.4167371913172                         6
   2342.9817414227964                         6
   2484.5606459081641                         6
   2634.6342846626540                         6
   2793.7123417424132                         6
   2962.3350822469583                         7
   3141.0751871817761                         7
   3330.5396984126828                         7
   3531.3720803174438                         7
   3744.2544051364907                         7
   3969.9096694446803                         7
   4209.1042496113614                         7
   4462.6505045880431                         8
   4731.4095348633255                         8
   5016.2941069551252                         8
   5318.2717533724335                         8
   5638.3680585747798                         8
   5977.6701420892668                         9
   6337.3303506146231                         9
   6718.5701716515005                         9
   7122.6843819505912                         9
   7551.0454448676273                        10
   8005.1081715596856                        10
   8486.4146618532668                        10
   8996.5995415644629                        11
   9537.3955140583312                        11
   10110.639244901831                        11
   10718.277599595942                        12
   11362.374255571698                        12
   12045.116710906001                        13
   12768.823713560361                        13
   13535.953136373984                        14
   14349.110324556425                        14
   15211.056944029811                        15
   16124.720360671601                        16
   17093.203582311897                        16
   18093.203582311897                        16
   19093.203582311897                        16
   20093.203582311897                        16
   21093.203582311897                        16
   22093.203582311897                        16
   23093.203582311897                        16
   24093.203582311897                        16
   25093.203582311897                        16
   26093.203582311897                        16
   27093.203582311897                        16
   28093.203582311897                        16
   29093.203582311897                        15
   30093.203582311897                        15
   31093.203582311897                        15
   32093.203582311897                        15
   33093.203582311893                        15
   34093.203582311893                        15
   35093.203582311893                        15
   36093.203582311893                        15
   37093.203582311893                        15
   38093.203582311893                        15
   39093.203582311893                        15
   40093.203582311893                        15
   41093.203582311893                        15
   42093.203582311893                        15
   43093.203582311893                        15
   44093.203582311893                        15
   45093.203582311893                        15
   46093.203582311893                        14
   47093.203582311893                        14
   48093.203582311893                        14
   49093.203582311893                        14
   50093.203582311893                        14
   51093.203582311893                        14
   52093.203582311893                        14
   53093.203582311893                        14
   54093.203582311893                        14
   55093.203582311893                        14
   56093.203582311893                        14
   57093.203582311893                        14
   58093.203582311893                        14
   59093.203582311893                        14
   60093.203582311893                        14
   61093.203582311893                        14
   62093.203582311893                        14
   63093.203582311893                        14
   64093.203582311893                        14
   65093.203582311893                        14
   66093.203582311893                        13
   67093.203582311893                        13
   68093.203582311893                        13
   69093.203582311893                        13
   70093.203582311893                        13
   71093.203582311893                        13
   72093.203582311893                        13
   73093.203582311893                        13
   74093.203582311893                        13
   75093.203582311893                        13
   76093.203582311893                        13
   77093.203582311893                        13
   78093.203582311893                        13
   79093.203582311893                        13
   80093.203582311893                        13
   81093.203582311893                        13
   82093.203582311893                        13
   83093.203582311893                        13
   84093.203582311893                        13
   85093.203582311893                        13
   86093.203582311893                        13
   87093.203582311893                        13
   88093.203582311893                        13
   89093.203582311893                        12
   90093.203582311893                        12
   91093.203582311893                        12
   92093.203582311893                        12
   93093.203582311893                        12
   94093.203582311893                        12
   95093.203582311893                        12
   96093.203582311893                        12
   97093.203582311893                        12
   98093.203582311893                        12
   99093.203582311893                        12
   100093.20358231189                        12
   101093.20358231189                        12
   102093.20358231189                        12
   103093.20358231189                        12
   104093.20358231189                        12
   105093.20358231189                        12
   106093.20358231189                        12
   107093.20358231189                        12
   108093.20358231189                        12
   109093.20358231189                        12
   110093.20358231189                        12
   111093.20358231189                        12
   112093.20358231189                        12
   113093.20358231189                        12
   114093.20358231189                        11
   115093.20358231189                        11
   116093.20358231189                        11
   117093.20358231189                        11
   118093.20358231189                        11
   119093.20358231189                        11
   120093.20358231189                        11
   121093.20358231189                        11
   122093.20358231189                        11
   123093.20358231189                        11
   124093.20358231189                        11
   125093.20358231189                        11
   126093.20358231189                        11
   127093.20358231189                        11
   128093.20358231189                        11
   129093.20358231189                        11
   130093.20358231189                        11
   131093.20358231189                        11
   132093.20358231189                        11
   133093.20358231189                        11
   134093.20358231189                        11
   135093.20358231189                        11
   136093.20358231189                        11
   137093.20358231189                        11
   138093.20358231189                        11
   139093.20358231189                        11
   140093.20358231189                        11
   141093.20358231189                        10
   142093.20358231189                        10
   143093.20358231189                        10
   144093.20358231189                        10
   145093.20358231189                        10
   146093.20358231189                        10
   147093.20358231189                        10
   148093.20358231189                        10
   149093.20358231189                        10
   150093.20358231189                        10
   151093.20358231189                        10
   152093.20358231189                        10
   153093.20358231189                        10
   154093.20358231189                        10
   155093.20358231189                        10
   156093.20358231189                        10
   157093.20358231189                        10
   158093.20358231189                        10
   159093.20358231189                        10
   160093.20358231189                        10
   161093.20358231189                        10
   162093.20358231189                        10
   163093.20358231189                        10
   164093.20358231189                        10
   165093.20358231189                        10
   166093.20358231189                        10
   167093.20358231189                        10
   168093.20358231189                        10
   169093.20358231189                        10
   170093.20358231189                         9
   171093.20358231189                         9
   172093.20358231189                         9
   173093.20358231189                         9
   174093.20358231189                         9
   175093.20358231189                         9
   176093.20358231189                         9
   177093.20358231189                         9
   178093.20358231189                         9
   179093.20358231189                         9
   180093.20358231189                         9
   181093.20358231189                         9
   182093.20358231189                         9
   183093.20358231189                         9
   184093.20358231189                         9
   185093.20358231189                         9
   186093.20358231189                         9
   187093.20358231189                         9
   188093.20358231189                         9
   189093.20358231189                         9
   190093.20358231189                         9
   191093.20358231189                         9
   192093.20358231189                         9
   193093.20358231189                         9
   194093.20358231189                         9
   195093.20358231189                         9
   196093.20358231189                         9
   197093.20358231189                         9
   198093.20358231189                         9
   199093.20358231189                         8
   200093.20358231189                         8
   201093.20358231189                         8
   202093.20358231189                         8
   203093.20358231189                         8
   204093.20358231189                         8
   205093.20358231189                         8
   206093.20358231189                         8
   207093.20358231189                         8
   208093.20358231189                         8
   209093.20358231189                         8
   210093.20358231189                         8
   211093.20358231189                         8
   212093.20358231189                         8
   213093.20358231189                         8
   214093.20358231189                         8
   215093.20358231189                         8
   216093.20358231189                         8
   217093.20358231189                         8
   218093.20358231189                         8
   219093.20358231189                         8
   220093.20358231189                         8
   221093.20358231189                         8
   222093.20358231189                         8
   223093.20358231189                         7
   224093.20358231189                         7
   225093.20358231189                         7
   226093.20358231189                         7
   227093.20358231189                         7
   228093.20358231189                         7
   229093.20358231189                         7
   230093.20358231189                         7
   231093.20358231189                         7
   232093.20358231189                         7
   233093.20358231189                         6
   234093.20358231189                         6
   235093.20358231189                         6
   236093.20358231189                         6
   237093.20358231189                         6
   238093.20358231189                         6
   239093.20358231189                         5
   240093.20358231189                         5
   241093.20358231189                         5
   242093.20358231189                         5
   243093.20358231189                         5
   244093.20358231189                         5
   245093.20358231189                         5
   246093.20358231189                         5
   247093.20358231189                         5
   248093.20358231189                         5
   249093.20358231189                         5
   250093.20358231189                         6
   251093.20358231189                         6
   252093.20358231189                         6
   253093.20358231189                         6
   254093.20358231189                         7
   255093.20358231189                         7
   256093.20358231189                         7
   257093.20358231189                         7
   258093.20358231189                         7
   259093.20358231189                         8
   260093.20358231189                         8
   261093.20358231189                         8
   262093.20358231189                         8
   263093.20358231186                         8
   264093.20358231186                         8
   265093.20358231186                         9
   266093.20358231186                         9
   267093.20358231186                         9
   268093.20358231186                         9
   269093.20358231186                         9
   270093.20358231186                         9
   271093.20358231186                         9
   272093.20358231186                         9
   273093.20358231186                        10
   274093.20358231186                        10
   275093.20358231186                        10
   276093.20358231186                        10
   277093.20358231186                        10
   278093.20358231186                        10
   279093.20358231186                        10
   280093.20358231186                        10
   281093.20358231186                        10
   282093.20358231186                        11
   283093.20358231186                        11
   284093.20358231186                        11
   285093.20358231186                        11
   286093.20358231186                        11
   287093.20358231186                        11
   288093.20358231186                        11
   289093.20358231186                        11
   290093.20358231186                        11
   291093.20358231186                        11
   292093.20358231186                        11
   293093.20358231186                        12
   294093.20358231186                        12
   295093.20358231186                        12
   296093.20358231186                        12
   297093.20358231186                        12
   298093.20358231186                        12
   299093.20358231186                        12
   300093.20358231186                        12
   301093.20358231186                        12
   302093.20358231186                        12
   303093.20358231186                        13
   304093.20358231186                        13
   305093.20358231186                        13
   306093.20358231186                        13
   307093.20358231186                        13
   308093.20358231186                        13
   309093.20358231186                        13
   310093.20358231186                        13
   311093.20358231186                        13
   312093.20358231186                        13
   313093.20358231186                        13
   314093.20358231186                        14
   315093.20358231186                        14
   316093.20358231186                        14
   317093.20358231186                        14
   318093.20358231186                        14
   319093.20358231186                        14
   320093.20358231186                        14
   321093.20358231186                        14
   322093.20358231186                        14
   323093.20358231186                        14
   324093.20358231186                        14
   325093.20358231186                        14
   326093.20358231186                        15
   327093.20358231186                        15
   328093.20358231186                        15
   329093.20358231186                        15
   330093.20358231186                        15
   331093.20358231186                        15
   332093.20358231186                        15
   333093.20358231186                        15
   334093.20358231186                        15
   335093.20358231186                        15
   336093.20358231186                        15
   337093.20358231186                        16
   338093.20358231186                        16
   339093.20358231186                        16
   340093.20358231186                        16
   341093.20358231186                        16
   342093.20358231186                        16
   343093.20358231186                        16
   344093.20358231186                        16
   345093.20358231186                        16
   346093.20358231186                        16
   347093.20358231186                        16
   348093.20358231186                        17
   349093.20358231186                        17
   350093.20358231186                        17
   351093.20358231186                        17
   352093.20358231186                        17
   353093.20358231186                        17
   354093.20358231186                        17
   355093.20358231186                        17
   356093.20358231186                        17
   357093.20358231186                        17
   358093.20358231186                        17
   359093.20358231186                        18
   360093.20358231186                        18
   361093.20358231186                        18
   362093.20358231186                        18
   363093.20358231186                        18
   364093.20358231186                        18
   365093.20358231186                        18
   366093.20358231186                        18
   367093.20358231186                        18
   368093.20358231186                        18
   369093.20358231186                        18
   370093.20358231186                        19
   371093.20358231186                        19
   372093.20358231186                        19
   373093.20358231186                        19
   374093.20358231186                        19
   375093.20358231186                        19
   376093.20358231186                        19
   377093.20358231186                        19
   378093.20358231186                        19
   379093.20358231186                        19
   380093.20358231186                        19
   381093.20358231186                        20
   382093.20358231186                        20
   383093.20358231186                        20
   384093.20358231186                        20
   385093.20358231186                        20
   386093.20358231186                        20
   387093.20358231186                        20
   388093.20358231186                        20
   389093.20358231186                        20
   390093.20358231186                        20
   391093.20358231186                        20
   392093.20358231186                        21
   393093.20358231186                        21
   394093.20358231186                        21
   395093.20358231186                        21
   396093.20358231186                        21
   397093.20358231186                        21
   398093.20358231186                        21
   399093.20358231186                        21
   400093.20358231186                        21
   401093.20358231186                        21
   402093.20358231186                        22
   403093.20358231186                        22
   404093.20358231186                        22
   405093.20358231186                        22
   406093.20358231186                        22
   407093.20358231186                        22
   408093.20358231186                        22
   409093.20358231186                        22
   410093.20358231186                        22
   411093.20358231186                        22
   412093.20358231186                        23
   413093.20358231186                        23
   414093.20358231186                        23
   415093.20358231186                        23
   416093.20358231186                        23
   417093.20358231186                        23
   418093.20358231186                        23
   419093.20358231186                        23
   420093.20358231186                        23
   421093.20358231186                        23
   422093.20358231186                        24
   423093.20358231186                        24
   424093.20358231186                        24
   425093.20358231186                        24
   426093.20358231186                        24
   427093.20358231186                        24
   428093.20358231186                        24
   429093.20358231186                        24
   430093.20358231186                        24
   431093.20358231186                        24
   432093.20358231186                        25
   433093.20358231186                        25
   434093.20358231186                        25
   435093.20358231186                        25
   436093.20358231186                        25
   437093.20358231186                        25
   438093.20358231186                        25
   439093.20358231186                        25
   440093.20358231186                        25
   441093.20358231186                        26
   442093.20358231186                        26
   443093.20358231186                        26
   444093.20358231186                        26
   445093.20358231186                        26
   446093.20358231186                        26
   447093.20358231186                        26
   448093.20358231186                        26
   449093.20358231186                        26
   450093.20358231186                        27
   451093.20358231186                        27
   452093.20358231186                        27
   453093.20358231186                        27
   454093.20358231186                        27
   455093.20358231186                        27
   456093.20358231186                        27
   457093.20358231186                        27
   458093.20358231186                        28
   459093.20358231186                        28
   460093.20358231186                        28
   461093.20358231186                        28
   462093.20358231186                        28
   463093.20358231186                        28
   464093.20358231186                        28
   465093.20358231186                        28
   466093.20358231186                        29
   467093.20358231186                        29
   468093.20358231186                        29
   469093.20358231186                        29
   470093.20358231186                        29
   471093.20358231186                        29
   472093.20358231186                        29
   473093.20358231186                        29
   474093.20358231186                        30
   475093.20358231186                        30
   476093.20358231186                        30
   477093.20358231186                        30
   478093.20358231186                        30
   479093.20358231186                        30
   480093.20358231186                        30
   481093.20358231186                        30
   482093.20358231186                        31
   483093.20358231186                        31
   484093.20358231186                        31
   485093.20358231186                        31
   486093.20358231186                        31
   487093.20358231186                        31
   488093.20358231186                        31
   489093.20358231186                        32
   490093.20358231186                        32
   491093.20358231186                        32
   492093.20358231186                        32
   493093.20358231186                        32
   494093.20358231186                        32
   495093.20358231186                        32
   496093.20358231186                        32
   497093.20358231186                        33
   498093.20358231186                        33
   499093.20358231186                        33
   500093.20358231186                        33
   501093.20358231186                        33
   502093.20358231186                        33
   503093.20358231186                        33
   504093.20358231186                        34
   505093.20358231186                        34
   506093.20358231186                        34
   507093.20358231186                        34
   508093.20358231186                        34
   509093.20358231186                        34
   510093.20358231186                        34
   511093.20358231186                        35
   512093.20358231186                        35
   513093.20358231186                        35
   514093.20358231186                        35
   515093.20358231186                        35
   516093.20358231186                        35
   517093.20358231186                        35
   518093.20358231186                        36
   519093.20358231186                        36
   520093.20358231186                        36
   521093.20358231186                        36
   522093.20358231186                        36
   523093.20358231186                        36
   524093.20358231186                        36
   525093.20358231186                        36
   526093.20358231186                        37
   527093.20358231186                        37
   528093.20358231186                        37
   529093.20358231186                        37
   530093.20358231186                        37
   531093.20358231186                        37
   532093.20358231186                        37
   533093.20358231186                        38
   534093.20358231186                        38
   535093.20358231186                        38
   536093.20358231186                        38
   537093.20358231186                        38
   538093.20358231186                        38
   539093.20358231186                        38
   540093.20358231186                        39
   541093.20358231186                        39
   542093.20358231186                        39
   543093.20358231186                        39
   544093.20358231186                        39
   545093.20358231186                        39
   546093.20358231186                        39
   547093.20358231186                        39
   548093.20358231186                        40
   549093.20358231186                        40
   550093.20358231186                        40
   551093.20358231186                        40
   552093.20358231186                        40
   553093.20358231186                        40
   554093.20358231186                        40
   555093.20358231186                        40
   556093.20358231186                        41
   557093.20358231186                        33
   557993.20358231186                        33
   558893.20358231186                        33
   559793.20358231186                        33
   560693.20358231186                        33
   561593.20358231186                        33
   562493.20358231186                        33
   563393.20358231186                        33
   564293.20358231186                        33
   565193.20358231186                        33
   566093.20358231186                        33
   566993.20358231186                        33
   567893.20358231186                        33
   568793.20358231186                        33
   569693.20358231186                        33
   570593.20358231186                        33
   571493.20358231186                        33
   572393.20358231186                        33
   573293.20358231186                        33
   574193.20358231186                        33
   575093.20358231186                        34
   575993.20358231186                        34
   576893.20358231186                        34
   577793.20358231186                        34
   578693.20358231186                        34
   579593.20358231186                        34
   580493.20358231186                        34
   581393.20358231186                        34
   582293.20358231186                        34
   583193.20358231186                        34
   584093.20358231186                        34
   584993.20358231186                        34
   585893.20358231186                        34
   586793.20358231186                        34
   587693.20358231186                        34
   588593.20358231186                        34
   589493.20358231186                        34
   590393.20358231186                        34
   591293.20358231186                        34
   592193.20358231186                        33
   593093.20358231186                        33
   593993.20358231186                        33
   594893.20358231186                        33
   595793.20358231186                        33
   596693.20358231186                        33
   597593.20358231186                        33
   598493.20358231186                        33
   599393.20358231186                        33
   600293.20358231186                        33
   601193.20358231186                        33
   602093.20358231186                        33
   602993.20358231186                        32
   603893.20358231186                        32
   604793.20358231186                        32
   605693.20358231186                        32
   606593.20358231186                        32
   607493.20358231186                        31
   608393.20358231186                        31
   609293.20358231186                        31
   610193.20358231186                        30
   611093.20358231186                        30
   611993.20358231186                        29
   612893.20358231186                        29
   613793.20358231186                        28
   614693.20358231186                        27
   615593.20358231186                        25
   616493.20358231186                        22
   617393.20358231186                        24
   618347.20358231186                        29
   619301.20358231186                        31
   620255.20358231186                        33
   621209.20358231186                        34
   622163.20358231186                        35
   623117.20358231186                        36
   624071.20358231186                        37
   625025.20358231186                        38
   625979.20358231186                        38
   626933.20358231186                        39
   627887.20358231186                        40
   628841.20358231186                        40
   629795.20358231186                        41
   630749.20358231186                        31
   631607.80358231184                        31
   632466.40358231182                        31
   633325.00358231179                        32
   634183.60358231177                        32
   635042.20358231175                        32
   635900.80358231172                        32
   636759.40358231170                        33
   637618.00358231168                        33
   638476.60358231165                        33
   639335.20358231163                        33
   640193.80358231161                        34
   641052.40358231158                        34
   641911.00358231156                        34
   642769.60358231154                        34
   643628.20358231151                        34
   644486.80358231149                        35
   645345.40358231147                        35
   646204.00358231144                        35
   647062.60358231142                        35
   647921.20358231140                        35
   648779.80358231138                        35
   649638.40358231135                        36
   650497.00358231133                        36
   651355.60358231131                        36
   652214.20358231128                        36
   653072.80358231126                        36
   653931.40358231124                        36
   654790.00358231121                        37
   655648.60358231119                        37
   656507.20358231117                        37
   657365.80358231114                        37
   658224.40358231112                        37
   659083.00358231110                        37
   659941.60358231107                        38
   660800.20358231105                        38
   661658.80358231103                        38
   662517.40358231100                        38
   663376.00358231098                        38
   664234.60358231096                        38
   665093.20358231093                        38
   665951.80358231091                        39
   666810.40358231089                        39
   667669.00358231086                        39
   668527.60358231084                        39
   669386.20358231082                        39
   670244.80358231079                        39
   671103.40358231077                        39
   671962.00358231075                        40
   672820.60358231072                        40
   673679.20358231070                        40
   674537.80358231068                        40
   675396.40358231065                        40
   676255.00358231063                        40
   677113.60358231061                        40
   677972.20358231058                        40
   678830.80358231056                        41
   679689.40358231054                        31
   680462.14358231053                        31
   681234.88358231052                        32
   682007.62358231051                        32
   682780.36358231050                        32
   683553.10358231049                        32
   684325.84358231048                        32
   685098.58358231047                        32
   685871.32358231046                        32
   686644.06358231045                        32
   687416.80358231044                        32
   688189.54358231043                        32
   688962.28358231043                        32
   689735.02358231042                        32
   690507.76358231041                        32
   691280.50358231040                        32
   692053.24358231039                        33
   692825.98358231038                        33
   693598.72358231037                        33
   694371.46358231036                        33
   695144.20358231035                        33
   695916.94358231034                        33
   696689.68358231033                        33
   697462.42358231032                        33
   698235.16358231031                        33
   699007.90358231030                        33
   699780.64358231029                        33
   700553.38358231029                        33
   701326.12358231028                        33
   702098.86358231027                        33
   702871.60358231026                        33
   703644.34358231025                        33
   704417.08358231024                        34
   705189.82358231023                        34
   705962.56358231022                        34
   706735.30358231021                        34
   707508.04358231020                        34
   708280.78358231019                        34
   709053.52358231018                        34
   709826.26358231017                        34
   710599.00358231016                        34
   711371.74358231016                        34
   712144.48358231015                        34
   712917.22358231014                        34
   713689.96358231013                        34
   714462.70358231012                        34
   715235.44358231011                        34
   716008.18358231010                        34
   716780.92358231009                        34
   717553.66358231008                        35
   718326.40358231007                        35
   719099.14358231006                        35
   719871.88358231005                        35
   720644.62358231004                        35
   721417.36358231003                        35
   722190.10358231002                        35
   722962.84358231002                        35
   723735.58358231001                        35
   724508.32358231000                        35
   725281.06358230999                        35
   726053.80358230998                        35
   726826.54358230997                        35
   727599.28358230996                        35
   728372.02358230995                        35
   729144.76358230994                        35
   729917.50358230993                        35
   730690.24358230992                        35
   731462.98358230991                        36
   732235.72358230990                        36
   733008.46358230989                        36
   733781.20358230988                        36
   734553.94358230988                        36
   735326.68358230987                        36
   736099.42358230986                        36
   736872.16358230985                        36
   737644.90358230984                        36
   738417.64358230983                        36
   739190.38358230982                        36
   739963.12358230981                        36
   740735.86358230980                        36
   741508.60358230979                        36
   742281.34358230978                        36
   743054.08358230977                        36
   743826.82358230976                        36
   744599.56358230975                        36
   745372.30358230975                        36
   746145.04358230974                        36
   746917.78358230973                        37
   747690.52358230972                        37
   748463.26358230971                        37
   749236.00358230970                        37
   750008.74358230969                        37
   750781.48358230968                        37
   751554.22358230967                        37
   752326.96358230966                        37
   753099.70358230965                        37
   753872.44358230964                        37
   754645.18358230963                        37
   755417.92358230962                        37
   756190.66358230961                        37
   756963.40358230961                        37
   757736.14358230960                        37
   758508.88358230959                        37
   759281.62358230958                        37
   760054.36358230957                        37
   760827.10358230956                        37
   761599.84358230955                        37
   762372.58358230954                        37
   763145.32358230953                        38
   763918.06358230952                        38
   764690.80358230951                        38
   765463.54358230950                        38
   766236.28358230949                        38
   767009.02358230948                        38
   767781.76358230948                        38
   768554.50358230947                        38
   769327.24358230946                        38
   770099.98358230945                        38
   770872.72358230944                        38
   771645.46358230943                        38
   772418.20358230942                        38
   773190.94358230941                        38
   773963.68358230940                        38
   774736.42358230939                        38
   775509.16358230938                        38
   776281.90358230937                        38
   777054.64358230936                        38
   777827.38358230935                        38
   778600.12358230934                        38
   779372.86358230934                        38
   780145.60358230933                        38
   780918.34358230932                        39
   781691.08358230931                        39
   782463.82358230930                        39
   783236.56358230929                        39
   784009.30358230928                        39
   784782.04358230927                        39
   785554.78358230926                        39
   786327.52358230925                        39
   787100.26358230924                        39
   787873.00358230923                        39
   788645.74358230922                        39
   789418.48358230921                        39
   790191.22358230921                        39
   790963.96358230920                        39
   791736.70358230919                        39
   792509.44358230918                        39
   793282.18358230917                        39
   794054.92358230916                        39
   794827.66358230915                        39
   795600.40358230914                        39
   796373.14358230913                        39
   797145.88358230912                        39
   797918.62358230911                        39
   798691.36358230910                        39
   799464.10358230909                        39
   800236.84358230908                        40
   801009.58358230907                        40
   801782.32358230907                        40
   802555.06358230906                        40
   803327.80358230905                        40
   804100.54358230904                        40
   804873.28358230903                        40
   805646.02358230902                        40
   806418.76358230901                        40
   807191.50358230900                        40
   807964.24358230899                        40
   808736.98358230898                        40
   809509.72358230897                        40
   810282.46358230896                        40
   811055.20358230895                        40
   811827.94358230894                        40
   812600.68358230894                        40
   813373.42358230893                        40
   814146.16358230892                        40
   814918.90358230891                        40
   815691.64358230890                        40
   816464.38358230889                        40
   817237.12358230888                        40
   818009.86358230887                        40
   818782.60358230886                        40
   819555.34358230885                        40
   820328.08358230884                        40
   821100.82358230883                        41
   821873.56358230882                        31
   822569.02958230884                        31
   823264.49558230885                        31
   823959.96158230887                        31
   824655.42758230888                        31
   825350.89358230890                        31
   826046.35958230891                        31
   826741.82558230893                        31
   827437.29158230894                        31
   828132.75758230896                        31
   828828.22358230897                        31
   829523.68958230899                        31
   830219.15558230900                        31
   830914.62158230902                        31
   831610.08758230903                        31
   832305.55358230905                        31
   833001.01958230906                        31
   833696.48558230908                        31
   834391.95158230909                        31
   835087.41758230911                        31
   835782.88358230912                        32
   836478.34958230914                        32
   837173.81558230915                        32
   837869.28158230917                        32
   838564.74758230918                        32
   839260.21358230920                        32
   839955.67958230921                        32
   840651.14558230923                        32
   841346.61158230924                        32
   842042.07758230926                        32
   842737.54358230927                        32
   843433.00958230929                        32
   844128.47558230930                        32
   844823.94158230931                        32
   845519.40758230933                        32
   846214.87358230934                        32
   846910.33958230936                        32
   847605.80558230937                        32
   848301.27158230939                        32
   848996.73758230940                        32
   849692.20358230942                        32
   850387.66958230943                        32
   851083.13558230945                        32
   851778.60158230946                        32
   852474.06758230948                        32
   853169.53358230949                        32
   853864.99958230951                        32
   854560.46558230952                        32
   855255.93158230954                        32
   855951.39758230955                        32
   856646.86358230957                        32
   857342.32958230958                        32
   858037.79558230960                        32
   858733.26158230961                        32
   859428.72758230963                        32
   860124.19358230964                        32
   860819.65958230966                        32
   861515.12558230967                        32
   862210.59158230969                        32
   862906.05758230970                        32
   863601.52358230972                        32
   864296.98958230973                        32
   864992.45558230975                        32
   865687.92158230976                        32
   866383.38758230978                        32
   867078.85358230979                        32
   867774.31958230981                        32
   868469.78558230982                        32
   869165.25158230984                        32
   869860.71758230985                        32
   870556.18358230987                        32
   871251.64958230988                        32
   871947.11558230990                        32
   872642.58158230991                        32
   873338.04758230993                        32
   874033.51358230994                        32
   874728.97958230996                        32
   875424.44558230997                        32
   876119.91158230999                        32
   876815.37758231000                        32
   877510.84358231002                        32
   878206.30958231003                        32
   878901.77558231005                        32
   879597.24158231006                        32
   880292.70758231007                        32
   880988.17358231009                        32
   881683.63958231010                        32
   882379.10558231012                        32
   883074.57158231013                        32
   883770.03758231015                        33
   884465.50358231016                        33
   885160.96958231018                        33
   885856.43558231019                        33
   886551.90158231021                        33
   887247.36758231022                        33
   887942.83358231024                        33
   888638.29958231025                        33
   889333.76558231027                        33
   890029.23158231028                        33
   890724.69758231030                        33
   891420.16358231031                        33
   892115.62958231033                        33
   892811.09558231034                        33
   893506.56158231036                        33
   894202.02758231037                        33
   894897.49358231039                        33
   895592.95958231040                        33
   896288.42558231042                        33
   896983.89158231043                        33
   897679.35758231045                        33
   898374.82358231046                        33
   899070.28958231048                        33
   899765.75558231049                        33
   900461.22158231051                        33
   901156.68758231052                        33
   901852.15358231054                        33
   902547.61958231055                        33
   903243.08558231057                        33
   903938.55158231058                        33
   904634.01758231060                        33
   905329.48358231061                        33
   906024.94958231063                        33
   906720.41558231064                        33
   907415.88158231066                        33
   908111.34758231067                        33
   908806.81358231069                        33
   909502.27958231070                        33
   910197.74558231072                        33
   910893.21158231073                        33
   911588.67758231075                        33
   912284.14358231076                        33
   912979.60958231078                        33
   913675.07558231079                        33
   914370.54158231081                        33
   915066.00758231082                        33
   915761.47358231083                        33
   916456.93958231085                        33
   917152.40558231086                        33
   917847.87158231088                        33
   918543.33758231089                        33
   919238.80358231091                        33
   919934.26958231092                        33
   920629.73558231094                        33
   921325.20158231095                        33
   922020.66758231097                        33
   922716.13358231098                        33
   923411.59958231100                        33
   924107.06558231101                        33
   924802.53158231103                        33
   925497.99758231104                        33
   926193.46358231106                        33
   926888.92958231107                        33
   927584.39558231109                        33
   928279.86158231110                        33
   928975.32758231112                        33
   929670.79358231113                        33
   930366.25958231115                        33
   931061.72558231116                        33
   931757.19158231118                        33
   932452.65758231119                        33
   933148.12358231121                        33
   933843.58958231122                        33
   934539.05558231124                        33
   935234.52158231125                        33
   935929.98758231127                        33
   936625.45358231128                        33
   937320.91958231130                        33
   938016.38558231131                        33
   938711.85158231133                        33
   939407.31758231134                        33
   940102.78358231136                        33
   940798.24958231137                        33
   941493.71558231139                        33
   942189.18158231140                        33
   942884.64758231142                        33
   943580.11358231143                        33
   944275.57958231145                        33
   944971.04558231146                        33
   945666.51158231148                        33
   946361.97758231149                        33
   947057.44358231151                        33
   947752.90958231152                        34
   948448.37558231154                        34
   949143.84158231155                        34
   949839.30758231157                        34
   950534.77358231158                        34
   951230.23958231159                        34
   951925.70558231161                        34
   952621.17158231162                        34
   953316.63758231164                        34
   954012.10358231165                        34
   954707.56958231167                        34
   955403.03558231168                        34
   956098.50158231170                        34
   956793.96758231171                        34
   957489.43358231173                        34
   958184.89958231174                        34
   958880.36558231176                        34
   959575.83158231177                        34
   960271.29758231179                        34
   960966.76358231180                        34
   961662.22958231182                        34
   962357.69558231183                        34
   963053.16158231185                        34
   963748.62758231186                        34
   964444.09358231188                        34
   965139.55958231189                        34
   965835.02558231191                        34
   966530.49158231192                        34
   967225.95758231194                        34
   967921.42358231195                        34
   968616.88958231197                        34
   969312.35558231198                        34
   970007.82158231200                        34
   970703.28758231201                        34
   971398.75358231203                        34
   972094.21958231204                        34
   972789.68558231206                        34
   973485.15158231207                        34
   974180.61758231209                        34
   974876.08358231210                        34
   975571.54958231212                        34
   976267.01558231213                        34
   976962.48158231215                        34
   977657.94758231216                        34
   978353.41358231218                        34
   979048.87958231219                        34
   979744.34558231221                        34
   980439.81158231222                        34
   981135.27758231224                        34
   981830.74358231225                        34
   982526.20958231227                        34
   983221.67558231228                        34
   983917.14158231230                        34
   984612.60758231231                        34
   985308.07358231233                        34
   986003.53958231234                        34
   986699.00558231235                        34
   987394.47158231237                        34
   988089.93758231238                        34
   988785.40358231240                        34
   989480.86958231241                        34
   990176.33558231243                        34
   990871.80158231244                        34
   991567.26758231246                        34
   992262.73358231247                        34
   992958.19958231249                        34
   993653.66558231250                        34
   994349.13158231252                        34
   995044.59758231253                        34
   995740.06358231255                        34
   996435.52958231256                        34
   997130.99558231258                        34
   997826.46158231259                        34
   998521.92758231261                        34
   999217.39358231262                        34
   999912.85958231264                        34
   1000608.3255823127                        34
   1001303.7915823127                        34
   1001999.2575823127                        34
   1002694.7235823127                        34
   1003390.1895823127                        34
   1004085.6555823127                        34
   1004781.1215823127                        34
   1005476.5875823128                        34
   1006172.0535823128                        34
   1006867.5195823128                        34
   1007562.9855823128                        34
   1008258.4515823128                        34
   1008953.9175823128                        34
   1009649.3835823128                        34
   1010344.8495823129                        34
   1011040.3155823129                        34
   1011735.7815823129                        34
   1012431.2475823129                        34
   1013126.7135823129                        34
   1013822.1795823129                        34
   1014517.6455823130                        34
   1015213.1115823130                        34
   1015908.5775823130                        34
   1016604.0435823130                        34
   1017299.5095823130                        34
   1017994.9755823130                        34
   1018690.4415823130                        34
   1019385.9075823131                        34
   1020081.3735823131                        34
   1020776.8395823131                        34
   1021472.3055823131                        34
   1022167.7715823131                        34
   1022863.2375823131                        34
   1023558.7035823131                        34
   1024254.1695823132                        34
   1024949.6355823132                        34
   1025645.1015823132                        34
   1026340.5675823132                        34
   1027036.0335823132                        34
   1027731.4995823132                        34
   1028426.9655823132                        34
   1029122.4315823133                        34
   1029817.8975823133                        34
   1030513.3635823133                        34
   1031208.8295823133                        34
   1031904.2955823133                        34
   1032599.7615823133                        34
   1033295.2275823134                        34
   1033990.6935823134                        34
   1034686.1595823134                        34
   1035381.6255823134                        34
   1036077.0915823134                        34
   1036772.5575823134                        34
   1037468.0235823134                        34
   1038163.4895823135                        34
   1038858.9555823135                        34
   1039554.4215823135                        34
   1040249.8875823135                        34
   1040945.3535823135                        34
   1041640.8195823135                        34
   1042336.2855823135                        34
   1043031.7515823136                        34
   1043727.2175823136                        34
   1044422.6835823136                        34
   1045118.1495823136                        34
   1045813.6155823136                        34
   1046509.0815823136                        35
   1047204.5475823137                        35
   1047900.0135823137                        35
   1048595.4795823137                        35
   1049290.9455823137                        35
   1049986.4115823137                        35
   1050681.8775823137                        35
   1051377.3435823137                        35
   1052072.8095823138                        35
   1052768.2755823138                        35
   1053463.7415823138                        35
   1054159.2075823138                        35
   1054854.6735823138                        35
   1055550.1395823138                        35
   1056245.6055823138                        35
   1056941.0715823139                        35
   1057636.5375823139                        35
   1058332.0035823139                        35
   1059027.4695823139                        35
   1059722.9355823139                        35
   1060418.4015823139                        35
   1061113.8675823139                        35
   1061809.3335823140                        35
   1062504.7995823140                        35
   1063200.2655823140                        35
   1063895.7315823140                        35
   1064591.1975823140                        35
   1065286.6635823140                        35
   1065982.1295823141                        35
   1066677.5955823141                        35
   1067373.0615823141                        35
   1068068.5275823141                        35
   1068763.9935823141                        35
   1069459.4595823141                        35
   1070154.9255823141                        35
   1070850.3915823142                        35
   1071545.8575823142                        35
   1072241.3235823142                        35
   1072936.7895823142                        35
   1073632.2555823142                        35
   1074327.7215823142                        35
   1075023.1875823142                        35
   1075718.6535823143                        35
   1076414.1195823143                        35
   1077109.5855823143                        35
   1077805.0515823143                        35
   1078500.5175823143                        35
   1079195.9835823143                        35
   1079891.4495823144                        35
   1080586.9155823144                        35
   1081282.3815823144                        35
   1081977.8475823144                        35
   1082673.3135823144                        35
   1083368.7795823144                        35
   1084064.2455823144                        35
   1084759.7115823145                        35
   1085455.1775823145                        35
   1086150.6435823145                        35
   1086846.1095823145                        35
   1087541.5755823145                        35
   1088237.0415823145                        35
   1088932.5075823145                        35
   1089627.9735823146                        35
   1090323.4395823146                        35
   1091018.9055823146                        35
   1091714.3715823146                        35
   1092409.8375823146                        35
   1093105.3035823146                        35
   1093800.7695823146                        35
   1094496.2355823147                        35
   1095191.7015823147                        35
   1095887.1675823147                        35
   1096582.6335823147                        35
   1097278.0995823147                        35
   1097973.5655823147                        35
   1098669.0315823148                        35
   1099364.4975823148                        35
   1100059.9635823148                        35
   1100755.4295823148                        35
   1101450.8955823148                        35
   1102146.3615823148                        35
   1102841.8275823148                        35
   1103537.2935823149                        35
   1104232.7595823149                        35
   1104928.2255823149                        35
   1105623.6915823149                        35
   1106319.1575823149                        35
   1107014.6235823149                        35
   1107710.0895823149                        35
   1108405.5555823150                        35
   1109101.0215823150                        35
   1109796.4875823150                        35
   1110491.9535823150                        35
   1111187.4195823150                        35
   1111882.8855823150                        35
   1112578.3515823151                        35
   1113273.8175823151                        35
   1113969.2835823151                        35
   1114664.7495823151                        35
   1115360.2155823151                        35
   1116055.6815823151                        35
   1116751.1475823151                        35
   1117446.6135823152                        35
   1118142.0795823152                        35
   1118837.5455823152                        35
   1119533.0115823152                        35
   1120228.4775823152                        35
   1120923.9435823152                        35
   1121619.4095823152                        35
   1122314.8755823153                        35
   1123010.3415823153                        35
   1123705.8075823153                        35
   1124401.2735823153                        35
   1125096.7395823153                        35
   1125792.2055823153                        35
   1126487.6715823153                        35
   1127183.1375823154                        35
   1127878.6035823154                        35
   1128574.0695823154                        35
   1129269.5355823154                        35
   1129965.0015823154                        35
   1130660.4675823154                        35
   1131355.9335823155                        35
   1132051.3995823155                        35
   1132746.8655823155                        35
   1133442.3315823155                        35
   1134137.7975823155                        35
   1134833.2635823155                        35
   1135528.7295823155                        35
   1136224.1955823156                        35
   1136919.6615823156                        35
   1137615.1275823156                        35
   1138310.5935823156                        35
   1139006.0595823156                        35
   1139701.5255823156                        35
   1140396.9915823156                        35
   1141092.4575823157                        35
   1141787.9235823157                        35
   1142483.3895823157                        35
   1143178.8555823157                        35
   1143874.3215823157                        35
   1144569.7875823157                        35
   1145265.2535823158                        35
   1145960.7195823158                        35
   1146656.1855823158                        35
   1147351.6515823158                        35
   1148047.1175823158                        35
   1148742.5835823158                        35
   1149438.0495823158                        35
   1150133.5155823159                        35
   1150828.9815823159                        35
   1151524.4475823159                        35
   1152219.9135823159                        35
   1152915.3795823159                        35
   1153610.8455823159                        35
   1154306.3115823159                        35
   1155001.7775823160                        35
   1155697.2435823160                        35
   1156392.7095823160                        35
   1157088.1755823160                        35
   1157783.6415823160                        35
   1158479.1075823160                        35
   1159174.5735823161                        35
   1159870.0395823161                        35
   1160565.5055823161                        35
   1161260.9715823161                        35
   1161956.4375823161                        35
   1162651.9035823161                        35
   1163347.3695823161                        35
   1164042.8355823162                        35
   1164738.3015823162                        35
   1165433.7675823162                        35
   1166129.2335823162                        35
   1166824.6995823162                        35
   1167520.1655823162                        35
   1168215.6315823162                        35
   1168911.0975823163                        35
   1169606.5635823163                        35
   1170302.0295823163                        35
   1170997.4955823163                        35
   1171692.9615823163                        35
   1172388.4275823163                        35
   1173083.8935823163                        35
   1173779.3595823164                        35
   1174474.8255823164                        35
   1175170.2915823164                        35
   1175865.7575823164                        35
   1176561.2235823164                        35
   1177256.6895823164                        35
   1177952.1555823165                        35
   1178647.6215823165                        35
   1179343.0875823165                        35
   1180038.5535823165                        35
   1180734.0195823165                        35
   1181429.4855823165                        35
   1182124.9515823165                        35
   1182820.4175823166                        35
   1183515.8835823166                        35
   1184211.3495823166                        35
   1184906.8155823166                        35
   1185602.2815823166                        35
   1186297.7475823166                        35
   1186993.2135823166                        35
   1187688.6795823167                        35
   1188384.1455823167                        35
   1189079.6115823167                        35
   1189775.0775823167                        35
   1190470.5435823167                        35
   1191166.0095823167                        35
   1191861.4755823168                        35
   1192556.9415823168                        35
   1193252.4075823168                        35
   1193947.8735823168                        35
   1194643.3395823168                        35
   1195338.8055823168                        35
   1196034.2715823168                        35
   1196729.7375823169                        35
   1197425.2035823169                        35
   1198120.6695823169                        35
   1198816.1355823169                        35
   1199511.6015823169                        35
   1200207.0675823169                        35
   1200902.5335823169                        35
   1201597.9995823170                        35
   1202293.4655823170                        35
   1202988.9315823170                        35
   1203684.3975823170                        35
   1204379.8635823170                        35
   1205075.3295823170                        35
   1205770.7955823170                        35
   1206466.2615823171                        35
   1207161.7275823171                        35
   1207857.1935823171                        35
   1208552.6595823171                        35
   1209248.1255823171                        35
